	z-score for affinity of dimer for 11-mer sequence								
	RelAp50	p50p50	RelARelA	RelBp52	RelBp50	p52p52	RelAp52	cRelp50	cRelp52
11-mer sequence									
AAAAACATCCT	-0.766	-0.940	-0.230	-0.741	-0.865	-0.575	-0.820	-1.085	-0.784
AAAAACCTCCC	0.166	0.200	0.058	0.117	0.083	-0.135	-0.130	0.280	0.085
AAAAAGCCCCC	1.977	1.304	1.220	2.056	2.166	2.261	2.060	1.426	2.224
AAAAAGCTCCT	-1.012	-1.471	-0.678	-1.064	-1.166	-0.675	-1.035	-1.493	-1.070
AAAAAGGTCCC	0.331	0.679	0.243	0.428	0.630	0.569	0.184	0.216	0.157
AAAAATCCCCT	2.553	1.603	2.271	2.879	3.220	3.185	2.844	2.191	3.186
AAAAATTCCCC	2.271	1.423	3.277	2.458	2.964	2.979	2.541	2.039	2.779
AAAAGAATCCC	0.389	0.444	0.306	0.317	0.356	0.440	0.575	0.495	0.359
AAAAGCACCCC	0.860	0.833	-0.281	0.952	0.711	0.946	1.116	0.423	0.690
AAAAGCCTCCT	-0.959	-1.277	-1.108	-0.999	-1.227	-0.721	-1.066	-1.498	-1.034
AAAAGCGTCCC	0.210	0.282	0.031	0.821	0.480	0.410	0.286	0.207	0.078
AAAAGGATCCT	-1.105	-1.236	-0.683	-0.866	-1.047	-0.703	-1.088	-1.597	-0.998
AAAAGGGCCCT	-0.762	-0.423	-0.729	-0.386	-0.464	-0.373	-0.520	-1.071	-0.406
AAAAGGTCCCC	0.799	0.934	0.121	0.995	1.080	0.860	0.753	0.454	0.594
AAAAGTCTCCC	0.215	0.089	0.056	0.142	0.205	-0.045	0.016	0.027	-0.177
AAAATAACCCC	1.026	1.072	0.617	1.137	0.895	1.259	1.243	0.682	1.160
AAAATACCCCT	1.653	1.413	1.011	2.254	1.628	1.919	1.799	1.256	1.953
AAAATAGTCCT	-0.709	-0.728	-0.023	-0.856	-0.806	-0.497	-0.767	-0.761	-0.606
AAAATCGCCCT	-0.458	-0.836	-0.445	-0.442	-0.550	-0.395	-0.504	-0.504	-0.384
AAAATCTTCCC	0.764	0.807	1.322	0.162	0.540	0.256	0.419	1.060	0.488
AAAATGATCCC	-0.543	-0.272	-0.603	-0.704	-0.443	-0.265	-0.453	-0.710	-0.512
AAAATTTTCCT	0.434	0.214	1.754	-0.176	-0.311	0.064	0.225	0.470	0.322
AAAGAAGTCCT	-0.815	-0.972	-0.118	-0.875	-0.926	-0.456	-0.873	-0.558	-0.645
AAAGAATTCCC	1.571	1.080	2.270	0.975	1.066	1.357	1.247	1.543	1.123
AAAGACGCCCC	0.135	0.408	-0.195	0.432	0.331	0.153	0.105	0.326	-0.126
AAAGACTCCCT	0.327	0.719	-0.338	0.156	0.395	0.011	0.161	-0.095	0.013
AAAGAGACCCT	-0.679	-0.515	-1.099	-0.766	-0.626	-0.457	-0.542	-1.125	-0.688
AAAGATGTCCC	0.492	0.646	0.336	0.487	0.741	0.345	0.185	0.497	-0.092
AAAGGAACCCC	0.180	0.367	-0.250	0.351	0.118	0.122	0.127	0.410	0.175
AAAGGACTCCT	-0.940	-1.113	-0.688	-0.964	-1.068	-0.681	-0.976	-1.026	-0.758
AAAGGAGTCCC	0.732	0.939	0.141	0.607	0.907	0.569	0.431	0.810	0.405
AAAGGATCCCT	-0.582	-0.455	-0.446	-0.424	-0.388	-0.198	-0.469	-0.748	-0.634
AAAGGCACCCT	-0.697	-0.880	-1.130	-0.711	-0.685	-0.454	-0.787	-1.069	-0.741
AAAGGCCTCCC	-0.794	-0.959	-1.179	-0.868	-0.857	-0.552	-0.782	-1.175	-0.735
AAAGGGATCCC	-0.128	-0.302	0.066	-0.115	-0.184	0.025	-0.268	-0.213	-0.202
AAAGGGTTCCT	-0.866	-1.227	-0.817	-0.714	-1.034	-0.468	-0.749	-0.957	-0.558
AAAGGTCCCCT	0.650	1.090	-0.030	0.989	1.046	0.848	0.742	0.669	0.512
AAAGTCATCCC	-1.010	-0.925	-0.416	-0.628	-0.587	-0.412	-0.716	-0.836	-0.699
AAAGTCCCCCT	2.312	1.591	0.889	2.395	2.259	1.860	1.722	1.703	1.821
AAAGTCGTCCT	-1.251	-1.249	-0.192	-0.666	-0.890	-0.599	-0.839	-1.179	-0.704
AAAGTCTCCCC	0.733	0.818	0.367	0.879	0.780	0.559	0.654	0.882	0.388
AAAGTGATCCT	-1.298	-1.795	-0.833	-0.978	-1.267	-0.692	-1.055	-1.553	-0.986
AAAGTGCCCCC	0.793	1.086	0.331	1.171	0.839	0.518	0.904	0.964	0.619
AAAGTGGTCCC	-0.319	0.456	-0.237	-0.060	0.240	0.160	-0.267	-0.250	-0.422
AAAGTTACCCT	0.371	0.663	-0.188	0.191	0.557	0.376	0.376	0.279	0.216
AAAGTTCTCCT	-0.601	-1.020	0.015	-0.822	-0.944	-0.659	-0.834	-0.841	-0.771
AAAGTTGCCCC	0.949	0.606	1.000	0.595	0.677	0.147	0.337	1.258	0.617
AAATAAACCCT	-0.112	0.021	-0.478	-0.081	-0.326	0.172	0.045	-0.324	-0.006
AAATAACCCCC	1.690	1.391	0.321	1.684	1.693	1.598	1.482	1.324	1.392
AAATAATTCCT	-0.410	-0.505	0.497	-0.671	-0.654	-0.440	-0.399	0.179	-0.124
AAATACACCCC	0.224	0.252	-0.011	0.566	0.209	0.053	0.204	0.342	0.187
AAATACGCCCT	-0.594	-0.886	0.018	-0.751	-1.087	-0.502	-0.758	-0.684	-0.592
AAATACGTCCC	0.144	0.264	0.519	0.334	0.285	0.547	0.183	0.368	-0.029
AAATAGATCCC	-0.662	-0.680	-0.751	-0.661	-0.403	-0.334	-0.554	-0.870	-0.679
AAATATCTCCC	0.120	0.445	0.144	0.153	0.365	0.105	-0.105	-0.026	-0.076
AAATATGTCCT	-0.780	-1.095	-0.006	-0.738	-0.828	-0.534	-0.678	-0.967	-0.696
AAATGACCCCT	0.135	0.593	-0.474	0.325	0.241	0.182	0.303	-0.224	0.165
AAATGAGTCCT	-0.991	-1.042	-0.142	-0.596	-0.889	-0.602	-0.866	-1.084	-0.769
AAATGCCCCCC	1.429	1.243	0.508	1.567	1.396	0.957	1.323	1.276	0.954
AAATGCTTCCC	-0.086	-0.412	0.511	-0.535	-0.270	-0.425	-0.314	0.160	-0.384
AAATGGACCCC	-0.532	-0.458	-0.781	-0.099	-0.448	-0.348	-0.428	-0.615	-0.473
AAATGTATCCT	-0.932	-1.298	-0.258	-0.763	-0.907	-0.661	-0.782	-1.323	-0.746
AAATGTGCCCC	0.499	-0.019	0.655	0.230	0.021	0.195	0.076	0.810	0.211
AAATTACTCCC	0.132	0.204	0.447	-0.105	0.146	-0.075	-0.250	0.213	-0.110
AAATTCATCCT	-0.664	-0.972	0.068	-0.720	-0.972	-0.568	-0.900	-1.112	-0.904
AAATTGCTCCT	-0.644	-1.613	-0.350	-0.700	-0.967	-0.602	-0.813	-1.327	-0.903
AAATTGGCCCC	0.118	0.122	-0.344	0.258	0.375	-0.144	-0.121	0.040	-0.034
AAATTGTCCCT	1.279	1.425	0.833	1.697	1.606	1.923	1.260	1.138	1.108
AAATTTCCCCC	2.630	1.665	2.971	2.686	2.883	2.838	2.410	2.023	2.570
AAATTTGCCCT	0.039	-0.198	0.900	-0.337	-0.452	-0.202	-0.125	0.260	0.010
AAATTTTTCCC	1.784	1.205	3.124	1.383	1.034	1.175	1.370	1.972	1.306
AAGAAAGCCCT	-0.680	-0.800	-0.308	-0.728	-0.838	-0.426	-0.581	-0.563	-0.671
AAGAAATTCCC	1.529	1.192	2.915	1.389	1.272	1.636	1.322	1.362	1.669
AAGAACACCCC	0.107	0.317	-0.220	0.504	0.176	0.085	0.232	0.232	0.274
AAGAACCCCCT	2.091	1.503	-0.175	2.067	2.176	1.859	1.574	1.438	1.485
AAGAAGGTCCT	-1.126	-1.404	-0.016	-0.511	-0.786	-0.396	-0.801	-1.303	-0.718
AAGAATCCCCC	2.436	1.571	1.259	2.409	2.645	2.407	2.158	1.787	1.990
AAGAATGTCCC	0.927	0.914	1.272	0.540	0.695	0.691	0.625	0.518	0.463
AAGAATTTCCT	-0.206	-0.591	1.631	-0.375	-0.672	-0.350	-0.329	0.020	-0.227
AAGAGAGCCCC	0.109	0.339	-0.680	-0.125	-0.034	0.122	-0.015	0.093	0.004
AAGAGAGTCCT	-0.320	-0.892	0.889	-0.673	-0.818	-0.435	-0.676	-0.590	-0.442
AAGAGATCCCT	-0.376	-0.020	-0.452	-0.279	0.117	-0.142	-0.411	-0.410	-0.484
AAGAGCATCCT	-1.088	-1.750	-0.702	-0.978	-1.156	-0.753	-1.170	-1.522	-1.154
AAGAGCTTCCC	-0.305	-0.795	0.146	-0.671	-0.563	-0.487	-0.490	-0.423	-0.463
AAGAGGCCCCT	-0.301	0.359	-0.777	0.191	0.196	-0.033	-0.248	-0.344	-0.287
AAGAGGCTCCC	-0.958	-1.013	-0.428	-0.714	-0.665	-0.505	-0.845	-1.124	-0.720
AAGAGGTTCCT	-0.943	-1.795	0.013	-0.585	-0.701	-0.462	-0.822	-1.222	-0.637
AAGAGTACCCT	0.398	0.828	-0.409	0.374	0.660	0.248	0.224	0.116	0.104
AAGATAATCCT	-1.042	-1.546	-0.605	-0.910	-1.142	-0.666	-0.884	-1.258	-0.848
AAGATCGTCCC	-0.197	0.168	0.328	0.078	0.309	0.307	-0.135	0.266	-0.166
AAGATCTCCCT	0.913	1.151	0.070	1.018	1.158	0.499	0.528	0.475	0.202
AAGATGCCCCC	0.893	1.088	0.101	1.169	0.970	0.461	0.788	1.031	0.633
AAGATGGCCCT	-0.621	-0.780	-0.837	-0.142	-0.275	-0.556	-0.715	-0.828	-0.686
AAGATTCTCCT	-0.803	-1.027	-0.184	-0.819	-0.921	-0.669	-0.991	-1.100	-0.941
AAGATTTCCCC	2.111	1.480	2.257	2.173	2.298	2.392	2.003	1.729	2.028
AAGGAACCCCT	0.281	0.961	-0.469	0.874	0.479	0.532	0.861	0.215	0.603
AAGGACGCCCT	-0.915	-2.201	-0.995	-0.803	-1.102	-0.800	-0.945	-1.228	-0.928
AAGGACTCCCC	0.844	0.758	0.780	0.442	0.692	0.493	0.665	0.760	0.388
AAGGAGCTCCC	-0.640	-0.999	-0.693	-0.874	-0.741	-0.562	-0.893	-0.927	-0.843
AAGGATACCCC	0.436	0.446	0.043	0.950	0.457	0.189	0.502	0.507	0.247
AAGGATATCCT	-0.853	-1.042	-0.125	-0.859	-0.945	-0.548	-0.906	-1.408	-0.843
AAGGGAATCCC	1.164	0.857	2.026	1.567	1.214	2.291	1.754	1.017	1.920
AAGGGACCCCC	0.806	0.964	-0.529	0.929	0.750	0.927	0.930	0.681	0.750
AAGGGCACCCC	-0.454	-0.576	-0.322	-0.217	-0.379	-0.342	-0.414	-0.330	-0.364
AAGGGCCCCCT	0.446	0.884	-0.998	1.143	0.703	0.332	0.569	0.138	0.261
AAGGGCGTCCT	-1.056	-1.277	-1.141	-0.788	-0.994	-0.610	-0.909	-1.252	-0.659
AAGGGGCTCCT	0.032	0.769	-0.668	0.791	0.344	0.959	0.753	-0.103	0.392
AAGGGGGCCCC	0.441	0.728	-0.032	1.043	0.694	0.786	0.981	0.532	0.709
AAGGGTGCCCT	-1.021	-1.793	-1.073	-0.740	-0.876	-0.569	-0.718	-1.096	-0.646
AAGGGTTTCCC	1.146	0.668	2.175	1.168	0.696	1.307	1.431	1.072	1.571
AAGGTACTCCC	0.376	0.760	-0.190	0.302	0.540	0.735	0.386	0.206	0.449
AAGGTAGCCCC	-0.162	0.424	-0.468	0.184	0.152	0.109	0.000	0.249	0.217
AAGGTATTCCT	-0.477	-0.222	-0.019	-0.266	-0.322	-0.012	-0.138	-0.255	-0.012
AAGGTCACCCT	-0.903	-1.486	-0.860	-0.697	-0.645	-0.495	-0.928	-1.207	-0.770
AAGGTCCCCCC	1.523	1.118	-0.087	1.737	1.508	0.844	1.103	1.337	0.964
AAGGTCCTCCT	-0.860	-0.992	-0.719	-0.687	-0.932	-0.490	-0.773	-1.164	-0.643
AAGGTGTCCCT	0.784	0.811	-0.045	1.499	1.008	0.895	0.967	0.630	0.562
AAGGTTATCCC	-0.139	-0.033	-0.018	-0.173	-0.236	0.021	-0.074	-0.085	-0.165
AAGTAAGTCCC	0.837	1.017	0.510	0.647	1.101	0.587	0.459	0.768	0.419
AAGTACATCCC	-0.432	-0.756	0.780	-0.549	-0.551	-0.370	-0.425	-0.042	-0.446
AAGTACCTCCT	0.737	0.670	0.111	0.227	0.852	0.044	-0.123	0.224	-0.202
AAGTAGACCCT	-0.711	-0.785	-0.746	-0.709	-0.737	-0.531	-0.775	-1.172	-0.772
AAGTAGTCCCC	1.092	1.209	0.275	1.036	1.364	1.004	1.013	1.068	0.580
AAGTATGCCCC	0.289	0.087	0.441	0.200	0.197	-0.089	0.059	0.628	0.354
AAGTATTCCCT	0.606	0.846	0.729	0.852	0.683	0.794	0.612	0.812	0.523
AAGTGAACCCT	-0.987	-1.095	-0.647	-0.758	-0.923	-0.646	-0.763	-1.270	-0.880
AAGTGATTCCT	-0.602	-0.869	-0.051	-0.976	-0.843	-0.482	-0.719	-0.572	-0.598
AAGTGCCTCCC	-0.501	-1.207	-0.055	-0.731	-0.787	-0.495	-0.793	-1.095	-0.788
AAGTGCTCCCT	-0.382	-0.136	-0.204	-0.434	-0.322	-0.291	-0.510	-0.836	-0.646
AAGTGGCCCCC	-0.101	0.242	-0.634	0.290	0.173	-0.028	0.004	0.101	0.051
AAGTGGGCCCT	-0.886	-0.904	-0.584	-0.527	-0.762	-0.603	-0.714	-1.253	-0.634
AAGTGGGTCCC	-0.468	-0.324	-0.651	-0.124	-0.005	-0.036	-0.433	-0.493	-0.609
AAGTGTATCCC	-0.553	-0.719	-0.064	-0.400	-0.584	-0.379	-0.504	-0.695	-0.382
AAGTGTGTCCT	-0.888	-1.103	-0.070	-0.709	-0.808	-0.570	-0.620	-0.908	-0.763
AAGTGTTCCCC	1.238	0.916	0.872	1.135	1.134	0.928	0.915	1.335	0.844
AAGTTAGTCCT	-1.015	-1.562	-0.088	-0.752	-1.033	-0.552	-0.842	-1.004	-0.837
AAGTTATCCCC	0.995	1.081	0.516	1.106	1.259	0.864	0.690	1.160	0.506
AAGTTCACCCC	-0.030	0.184	-0.098	0.317	0.292	0.044	-0.096	0.451	0.174
AAGTTGATCCC	-0.903	-0.815	-0.640	-0.621	-0.688	-0.600	-0.719	-1.072	-0.615
AAGTTGTTCCT	-0.580	-1.189	-0.106	-0.787	-0.971	-0.438	-0.753	-0.889	-0.685
AAGTTTCCCCT	2.470	1.731	1.759	2.650	2.717	2.414	2.059	2.007	1.964
AAGTTTCTCCC	0.383	0.601	0.793	0.357	0.576	0.198	0.170	0.423	0.189
AGAAAACTCCC	1.144	1.033	1.360	0.740	1.353	0.900	0.979	0.654	0.947
AGAAAAGCCCC	1.570	0.938	1.129	1.573	1.767	2.066	1.761	0.960	1.652
AGAAAATCCCT	1.279	1.272	1.084	1.613	1.492	1.802	1.373	1.121	1.615
AGAAACGTCCT	-0.997	-1.171	-0.192	-0.798	-0.947	-0.534	-0.794	-1.127	-0.812
AGAAACTTCCC	0.846	0.652	2.010	0.541	0.409	0.450	0.818	0.576	0.741
AGAAAGTCCCC	1.843	1.376	1.933	1.930	2.191	2.128	1.958	1.620	1.913
AGAAATACCCT	1.550	1.278	0.554	1.269	1.214	1.330	1.350	0.817	1.676
AGAAGATTCCT	-0.642	-1.103	0.055	-0.843	-0.914	-0.567	-0.681	-0.495	-0.373
AGAAGCATCCC	-0.830	-1.404	-0.382	-0.776	-0.706	-0.607	-0.795	-1.057	-0.810
AGAAGCTCCCT	-0.103	0.158	-0.425	-0.239	-0.030	-0.322	-0.284	-0.540	-0.520
AGAAGGCCCCT	0.306	0.412	-0.756	0.099	0.037	0.042	0.149	-0.139	0.015
AGAAGGGTCCC	-0.173	-0.215	-0.591	-0.087	-0.007	0.038	-0.123	-0.405	-0.315
AGAAGTCCCCC	1.968	1.405	0.863	2.006	2.053	1.582	1.751	1.532	1.634
AGAAGTCTCCT	-0.940	-1.854	-0.456	-0.985	-0.942	-0.738	-0.879	-1.358	-0.926
AGAATAATCCT	-0.939	-1.243	-0.568	-0.603	-0.980	-0.591	-0.846	-0.925	-0.909
AGAATCCCCCC	2.659	1.628	1.062	2.513	2.645	2.159	2.291	1.896	2.206
AGAATGACCCC	-0.177	-0.204	-0.278	-0.388	-0.428	-0.112	-0.287	-0.442	-0.311
AGAATGCTCCC	-0.467	-0.551	-0.506	-0.823	-0.576	-0.418	-0.621	-0.920	-0.456
AGAATGTTCCT	-0.640	-1.471	0.037	-0.948	-0.963	-0.491	-0.735	-1.165	-0.630
AGAATTGCCCT	0.222	-0.747	0.531	-0.558	-0.516	-0.409	-0.079	-0.096	0.053
AGAATTGTCCC	0.803	0.906	0.950	0.675	0.820	0.873	0.850	0.870	0.604
AGAATTTCCCC	2.199	1.242	3.093	2.276	2.593	2.635	2.305	1.846	2.293
AGAGAACTCCT	-0.888	-1.288	-0.542	-0.943	-1.047	-0.694	-1.060	-1.010	-0.762
AGAGACACCCC	-0.459	-0.237	-0.871	0.007	-0.257	-0.229	-0.359	-0.227	-0.484
AGAGACCTCCC	-0.592	-0.985	-0.639	-0.671	-0.533	-0.531	-0.789	-0.845	-0.997
AGAGAGATCCC	-0.448	-0.511	-0.281	-0.569	-0.355	-0.367	-0.506	-0.565	-0.502
AGAGAGGCCCC	-0.461	-0.259	-0.813	-0.350	-0.342	-0.348	-0.565	-0.436	-0.513
AGAGAGGTCCT	-0.866	-1.579	0.413	-0.363	-0.624	-0.360	-0.592	-1.310	-0.537
AGAGATCCCCC	2.018	1.306	-0.101	1.984	1.816	1.277	1.558	1.375	1.473
AGAGATGCCCT	-0.706	-1.631	-0.748	-0.940	-1.036	-0.655	-0.889	-0.882	-0.704
AGAGATTTCCT	-0.403	-0.498	0.344	-0.490	-0.762	-0.500	-0.389	-0.209	-0.443
AGAGGAATCCC	0.188	0.189	0.476	0.269	0.075	0.335	0.227	0.405	0.416
AGAGGAGCCCC	-0.113	0.291	-0.573	0.034	0.068	0.048	-0.024	-0.014	-0.225
AGAGGCCTCCT	-1.083	-1.923	-0.539	-0.973	-1.082	-0.785	-1.065	-1.661	-0.937
AGAGGCGTCCC	-0.193	-0.019	-0.055	0.267	0.139	0.070	-0.010	-0.234	-0.170
AGAGGGACCCT	-0.688	-0.326	-0.966	-0.096	-0.226	0.216	-0.129	-0.803	-0.355
AGAGGTCTCCC	-0.391	-0.751	0.082	-0.006	-0.078	-0.270	-0.315	-0.507	-0.363
AGAGGTGTCCT	-0.927	-1.688	-0.184	-0.664	-0.854	-0.541	-0.707	-1.219	-0.658
AGAGGTTCCCC	1.538	1.065	0.439	1.645	1.411	1.326	1.332	1.374	1.142
AGAGTAGCCCT	-0.963	-1.162	-0.721	-0.814	-0.780	-0.729	-0.869	-1.224	-0.688
AGAGTATTCCC	0.534	0.224	1.052	0.024	0.019	0.305	0.292	0.730	0.396
AGAGTCATCCT	-1.228	-2.611	-0.641	-0.873	-1.062	-0.647	-0.868	-1.625	-1.095
AGAGTGTCCCT	0.527	0.607	0.267	1.247	0.851	0.823	0.604	0.738	0.669
AGATAAGCCCT	-0.764	-1.049	-0.464	-0.798	-1.096	-0.697	-0.927	-0.985	-0.712
AGATAAGTCCC	1.129	1.114	0.485	0.954	1.199	0.806	0.806	0.899	0.335
AGATACATCCC	-0.557	-0.790	-0.034	-0.746	-0.730	-0.470	-0.673	-0.981	-0.677
AGATACCCCCT	1.357	1.434	0.103	1.842	1.377	1.186	1.495	1.131	1.245
AGATAGATCCT	-1.061	-1.868	-0.820	-0.915	-1.032	-0.716	-1.228	-1.640	-0.980
AGATAGTTCCC	-0.261	-0.317	0.521	-0.286	-0.129	-0.177	-0.107	-0.040	-0.087
AGATATCTCCT	-0.927	-1.236	-0.509	-1.061	-1.190	-0.623	-1.034	-1.374	-0.830
AGATATTCCCC	2.033	1.310	1.805	1.960	1.799	2.198	1.994	1.637	1.709
AGATGAACCCC	-0.402	-0.284	-0.232	-0.073	-0.255	-0.287	-0.342	-0.464	-0.256
AGATGAATCCT	-1.001	-1.320	-0.706	-1.161	-1.276	-0.542	-0.972	-1.386	-0.907
AGATGCGCCCT	-0.768	-1.128	-0.621	-0.804	-1.013	-0.603	-0.721	-1.469	-0.758
AGATGGCTCCC	-0.849	-1.772	-0.478	-0.841	-0.910	-0.619	-0.797	-1.251	-0.874
AGATGGTCCCC	0.074	0.441	-0.243	0.355	0.435	0.342	0.172	0.292	0.217
AGATGGTTCCT	-0.843	-2.294	-0.148	-0.835	-0.879	-0.605	-0.727	-1.360	-0.824
AGATGTTCCCT	0.235	0.414	0.238	-0.091	0.078	0.229	-0.030	0.080	-0.204
AGATGTTTCCC	0.890	0.332	1.633	0.510	0.348	0.359	0.674	1.052	0.783
AGATTACCCCC	1.236	1.186	0.372	1.628	1.182	0.936	1.196	1.213	1.122
AGATTACTCCT	-0.691	-1.236	-0.093	-0.843	-1.012	-0.548	-0.875	-1.009	-0.848
AGATTATCCCT	0.262	0.543	0.062	0.392	0.325	0.486	0.522	0.029	0.051
AGATTCCTCCC	-0.135	-0.426	0.213	-0.191	-0.305	-0.138	-0.146	0.176	-0.118
AGATTCGCCCC	0.288	0.156	0.366	0.480	0.292	0.127	0.219	0.611	-0.056
AGATTCTTCCT	-0.559	-0.780	-0.068	-0.930	-0.929	-0.546	-0.896	-0.642	-0.588
AGATTGACCCT	-0.583	-0.594	-0.149	-0.605	-0.635	-0.420	-0.704	-0.895	-0.787
AGATTGGTCCT	-1.178	-1.153	-0.380	-0.656	-0.729	-0.549	-0.788	-1.346	-0.852
AGATTTATCCC	-0.321	-0.338	-0.076	-0.135	-0.291	-0.079	-0.110	0.062	-0.089
AGGAAACTCCT	-0.105	-0.999	2.038	-0.839	-0.699	-0.404	-0.540	-0.168	-0.211
AGGAAAGTCCC	2.156	0.984	2.971	1.928	1.446	2.539	1.773	2.169	2.887
AGGAAGCCCCC	1.612	1.138	0.317	1.065	1.027	1.302	1.307	1.093	1.696
AGGAATATCCC	0.866	0.155	1.972	0.231	0.098	0.511	0.830	0.402	0.834
AGGAATGCCCT	-0.147	-0.455	1.191	-0.494	-0.674	-0.376	-0.196	-0.208	0.094
AGGAGAACCCT	-0.838	-0.719	-0.567	-0.634	-0.652	-0.426	-0.729	-0.871	-0.624
AGGAGCCCCCT	1.066	1.316	-0.528	1.263	1.202	0.610	0.992	1.020	0.757
AGGAGCCTCCC	-0.748	-0.831	-0.270	-0.789	-0.760	-0.599	-0.852	-0.995	-0.719
AGGAGCGCCCC	0.186	-0.229	-0.227	0.162	-0.080	0.018	0.348	0.095	0.277
AGGAGGATCCT	-0.999	-1.688	-0.490	-0.821	-0.926	-0.694	-1.036	-1.402	-0.915
AGGAGGTCCCC	0.767	0.454	0.488	0.644	0.631	0.466	0.750	0.617	0.715
AGGAGTGTCCC	0.736	0.086	1.299	0.321	0.333	0.362	0.372	0.586	0.486
AGGATAATCCC	0.562	-0.039	1.110	0.077	-0.113	0.470	0.416	0.307	0.396
AGGATACCCCC	1.337	1.135	0.417	1.538	1.007	0.992	1.291	0.882	1.245
AGGATAGCCCT	-0.780	-1.049	-0.440	-0.772	-0.841	-0.582	-0.902	-0.982	-0.688
AGGATCACCCT	-0.316	-0.136	-0.477	-0.242	-0.140	-0.277	-0.525	-0.558	-0.421
AGGATCTCCCC	1.283	1.023	0.594	0.999	1.223	0.969	1.039	0.853	0.953
AGGATGTTCCC	0.237	-0.225	0.975	-0.342	-0.426	-0.143	0.083	0.008	-0.012
AGGATTGTCCT	-0.736	-1.500	0.256	-0.821	-0.860	-0.541	-0.766	-1.006	-0.483
AGGATTTCCCT	1.437	1.229	1.993	1.912	1.583	2.178	1.608	1.356	1.667
AGGGACGTCCT	0.549	0.528	0.554	0.709	0.448	1.059	0.923	0.177	0.670
AGGGAGTTCCT	0.667	0.856	0.744	0.659	0.721	1.120	0.798	0.315	0.640
AGGGATCTCCC	1.201	0.595	1.050	1.122	1.269	2.050	1.320	0.678	1.356
AGGGGACTCCC	2.014	0.939	1.565	2.296	1.817	2.916	2.276	1.897	2.772
AGGGGAGTCCT	0.872	0.962	0.691	0.881	0.907	1.636	1.103	0.640	0.780
AGGGGATCCCT	2.323	1.115	1.822	1.572	1.577	2.111	1.949	1.424	2.295
AGGGGGGCCCT	0.478	0.812	-0.064	1.203	0.542	0.991	1.130	0.525	1.043
AGGGTGCCCCT	0.511	0.473	-0.552	1.162	0.571	0.342	0.658	0.426	0.644
AGGGTGGTCCC	0.249	0.541	-0.090	0.266	0.251	0.435	0.357	0.364	0.427
AGGGTTGCCCT	-0.681	-1.217	-0.236	-0.774	-0.807	-0.523	-0.727	-0.341	-0.290
AGGTAAACCCC	1.252	0.722	1.172	1.514	0.790	2.161	1.677	0.880	2.019
AGGTAATTCCT	0.471	0.620	1.468	0.553	0.351	1.146	0.620	0.224	0.709
AGGTACATCCT	-0.495	-0.004	-0.603	-0.293	-0.147	0.047	-0.249	-0.674	-0.415
AGGTACGCCCC	0.321	0.221	-0.032	0.441	0.233	0.402	0.526	0.444	0.674
AGGTAGCTCCT	-0.909	-0.916	-0.716	-0.975	-0.802	-0.638	-0.901	-1.362	-0.889
AGGTAGGCCCT	-0.978	-0.756	-0.932	-0.561	-0.647	-0.535	-0.630	-1.128	-0.598
AGGTAGGTCCC	-0.095	-0.084	-0.069	0.178	0.097	0.305	0.086	0.030	0.122
AGGTATACCCT	-0.262	-0.139	-0.043	-0.170	-0.242	-0.102	-0.241	-0.467	-0.258
AGGTATTTCCC	1.497	0.816	2.884	1.851	1.268	2.745	2.113	1.433	2.337
AGGTGACTCCT	-0.661	-0.518	-0.642	-0.791	-0.778	-0.228	-0.704	-0.985	-0.779
AGGTGATTCCC	1.589	0.701	1.450	2.110	1.328	3.039	2.146	1.811	2.877
AGGTGCACCCC	0.092	0.235	-0.368	0.610	0.107	0.492	0.549	-0.019	0.815
AGGTGCGTCCT	-0.820	-0.757	-0.881	-0.608	-0.695	-0.281	-0.633	-1.104	-0.460
AGGTGGTCCCT	0.180	0.913	-0.029	0.659	0.666	0.630	0.558	0.227	0.391
AGGTGTCCCCC	1.196	1.169	0.286	1.460	1.206	0.966	1.191	1.137	1.018
AGGTGTGCCCT	-0.712	-1.631	-0.542	-0.903	-0.956	-0.541	-0.661	-0.883	-0.535
AGGTTACCCCT	0.468	0.813	-0.124	1.355	0.840	0.514	0.804	0.567	0.609
AGGTTCATCCC	-0.431	-0.302	-0.622	-0.362	-0.476	-0.069	-0.313	-0.498	-0.243
AGGTTCGCCCT	-0.876	-1.276	-0.645	-0.728	-0.727	-0.726	-0.838	-1.029	-0.838
AGGTTGCTCCC	-0.584	-0.987	-0.396	-0.670	-0.569	-0.528	-0.648	-0.696	-0.587
AGGTTGGCCCC	-0.277	-0.369	-0.789	-0.238	-0.049	-0.374	-0.287	-0.005	0.052
AGGTTTATCCT	-1.010	-0.953	-0.465	-0.798	-0.943	-0.558	-0.905	-1.173	-0.610
AGGTTTGTCCC	0.878	0.560	1.293	0.621	0.602	0.820	0.918	0.937	0.735
AGGTTTTCCCC	2.175	1.136	3.110	2.298	2.012	3.165	2.482	1.799	2.634
CAAAAACCCCT	1.843	1.471	1.047	2.177	2.094	2.661	2.091	1.373	2.280
CAAAAAGTCCC	1.747	1.205	2.286	1.752	2.225	2.383	1.582	1.535	2.254
CAAAAATCCCC	2.106	1.372	2.616	2.284	2.839	2.672	2.303	1.907	2.554
CAAAACACCCC	0.534	0.707	0.083	1.028	0.488	0.313	0.701	0.611	0.701
CAAAAGACCCT	0.000	0.305	-0.503	-0.028	-0.111	-0.021	0.196	-0.615	0.036
CAAAAGTTCCC	0.839	0.790	1.696	0.512	0.674	0.496	0.661	0.746	0.598
CAAAATATCCC	0.376	0.400	0.764	0.342	0.128	0.253	0.346	0.033	0.411
CAAAATGCCCT	-0.054	-0.106	0.196	-0.380	-0.464	-0.350	-0.150	-0.130	-0.030
CAAAGAACCCT	-0.631	-0.409	-0.870	-0.580	-0.682	-0.354	-0.614	-0.780	-0.544
CAAAGCCTCCC	-0.874	-0.992	-0.873	-0.707	-0.859	-0.631	-0.823	-1.185	-0.839
CAAAGCGTCCT	-0.956	-1.457	-0.639	-0.804	-0.990	-0.572	-0.873	-1.534	-0.973
CAAAGGCCCCC	0.041	0.336	-1.528	0.140	0.123	0.039	0.083	-0.091	0.014
CAAAGGCTCCT	-1.156	-1.355	-0.998	-1.068	-1.214	-0.784	-1.158	-1.988	-1.133
CAAAGGGTCCC	-0.357	-0.186	-0.377	-0.061	0.044	-0.056	-0.288	-0.397	-0.359
CAAAGTACCCC	0.648	0.830	0.144	1.185	1.071	0.509	0.795	0.721	0.588
CAAAGTCCCCT	1.792	1.471	0.169	1.963	2.069	1.676	1.675	1.434	1.565
CAAAGTTTCCT	-0.313	-0.548	0.729	-0.489	-0.737	-0.572	-0.494	-0.029	-0.210
CAAATAATCCT	-0.911	-0.880	-0.308	-0.846	-0.974	-0.501	-0.746	-1.093	-0.674
CAAATAGCCCC	0.413	0.839	0.081	0.621	0.524	0.425	0.823	0.331	0.543
CAAATCTCCCT	1.064	1.237	0.099	1.403	1.347	0.832	1.052	0.664	1.061
CAAATGCCCCT	1.199	1.155	0.347	1.471	1.214	1.138	1.189	0.882	1.380
CAAATGGTCCT	-1.219	-1.332	-0.023	-0.534	-0.726	-0.481	-0.808	-1.302	-0.727
CAAATTACCCT	0.662	1.052	0.402	0.781	0.640	0.802	0.929	0.509	0.784
CAAATTCCCCC	2.415	1.636	2.314	2.353	2.686	2.634	2.322	1.889	2.651
CAAATTTTCCC	1.477	1.179	2.863	1.269	1.078	1.474	1.466	1.502	1.390
CAAGAAACCCT	-0.525	-0.321	-0.512	-0.353	-0.492	-0.245	-0.264	-0.467	-0.305
CAAGAACCCCC	1.604	1.283	-0.244	1.319	1.457	1.214	1.285	1.036	0.879
CAAGACCTCCC	-0.688	-1.111	-0.906	-0.626	-0.585	-0.577	-0.796	-0.818	-0.713
CAAGACGCCCT	-0.983	-2.014	-0.812	-0.904	-1.037	-0.745	-0.966	-1.345	-0.839
CAAGAGATCCT	-1.269	-1.923	-0.295	-0.999	-0.959	-0.611	-1.221	-1.416	-1.159
CAAGAGGTCCC	-0.152	-0.219	1.225	0.113	0.271	0.020	-0.417	-0.210	-0.201
CAAGAGTCCCC	1.401	1.305	0.465	1.280	1.437	1.012	1.058	0.916	0.770
CAAGATCTCCT	-1.105	-1.355	-0.508	-1.063	-1.035	-0.744	-1.022	-1.493	-1.012
CAAGATTCCCT	0.960	1.133	0.527	1.007	1.023	0.975	0.948	1.065	0.715
CAAGGAGCCCC	-0.100	0.241	-0.885	0.098	0.078	-0.031	-0.176	0.121	-0.176
CAAGGATTCCC	0.704	0.585	1.006	0.419	0.457	0.314	0.382	0.930	0.576
CAAGGCCCCCT	0.056	0.645	-1.529	0.508	0.314	0.212	0.254	-0.126	-0.139
CAAGGGGTCCT	-1.064	-0.988	-0.500	-0.354	-0.595	-0.106	-0.546	-0.859	-0.486
CAAGGGTCCCT	-0.269	0.337	-0.447	0.276	0.363	0.260	0.051	-0.315	-0.166
CAAGGTACCCT	-0.499	-0.267	-0.567	-0.391	-0.045	-0.089	-0.317	-0.833	-0.570
CAAGGTATCCC	-0.874	-0.900	-0.591	-0.446	-0.488	-0.296	-0.575	-0.834	-0.451
CAAGGTTCCCC	1.677	1.153	0.544	1.579	1.497	1.293	1.313	1.357	1.061
CAAGTAATCCC	-0.365	-0.156	-0.158	-0.123	-0.117	-0.059	-0.426	0.081	-0.302
CAAGTATTCCT	-0.839	-1.189	-0.083	-0.645	-0.975	-0.607	-0.737	-0.507	-0.822
CAAGTCACCCC	-0.704	-0.660	-0.939	-0.036	-0.284	-0.200	-0.613	-0.183	-0.366
CAAGTGGCCCT	-0.961	-1.708	-1.092	-0.320	-0.596	-0.670	-0.801	-1.141	-0.793
CAAGTTCCCCT	1.975	1.462	0.677	2.139	2.271	2.178	1.773	1.564	1.842
CAAGTTGTCCC	0.421	0.614	0.644	0.446	0.826	0.469	0.267	0.778	0.251
CAATAACTCCC	0.380	0.702	0.145	-0.007	0.426	0.021	-0.231	0.223	-0.120
CAATAAGTCCT	-0.836	-1.392	0.325	-0.698	-0.817	-0.437	-0.813	-0.578	-0.740
CAATAATCCCT	0.226	0.635	-0.146	0.698	0.496	0.735	0.493	0.212	0.284
CAATACATCCC	-0.774	-0.836	-0.072	-0.575	-0.646	-0.518	-0.700	-0.971	-0.690
CAATACGCCCC	0.039	0.196	0.057	0.503	0.204	0.145	0.054	0.297	0.130
CAATACTTCCT	-0.687	-1.095	-0.118	-0.781	-1.039	-0.562	-0.787	-0.770	-0.829
CAATAGCCCCT	0.506	1.173	-0.581	0.890	0.574	0.673	0.808	0.189	0.555
CAATATACCCC	0.199	0.317	-0.012	0.992	0.428	0.195	0.442	0.384	0.510
CAATATTTCCC	1.269	1.035	2.264	0.965	0.775	0.706	1.058	1.451	1.083
CAATGAATCCC	-0.428	-0.487	-0.259	-0.356	-0.220	-0.235	-0.353	-0.096	-0.345
CAATGACCCCC	0.086	0.342	-0.602	0.286	0.270	0.063	0.113	-0.062	-0.056
CAATGACTCCT	-1.082	-1.022	-0.344	-0.995	-1.123	-0.692	-1.051	-1.335	-1.132
CAATGCACCCT	-0.616	-0.555	-0.473	-0.639	-0.601	-0.333	-0.779	-1.003	-0.653
CAATGGGCCCC	-0.699	-0.565	-0.620	-0.185	-0.379	-0.242	-0.472	-0.565	-0.638
CAATGGTTCCT	-0.894	-1.256	0.024	-0.560	-0.727	-0.536	-0.883	-0.994	-0.857
CAATGTCTCCC	-0.405	-0.647	-0.338	-0.275	-0.294	-0.276	-0.499	-0.530	-0.561
CAATGTGTCCT	-0.926	-1.042	0.249	-0.475	-0.731	-0.284	-0.828	-0.887	-0.764
CAATGTTCCCT	-0.019	0.396	0.185	0.079	0.073	0.137	-0.073	0.046	-0.175
CAATTACCCCT	0.727	1.061	0.378	1.375	0.941	0.863	1.009	0.652	0.899
CAATTATCCCC	1.310	1.121	0.400	1.329	1.299	1.038	1.122	1.199	0.884
CAATTCCCCCC	2.301	1.659	1.090	2.340	2.187	1.935	1.935	1.944	1.854
CAATTCCTCCT	-0.688	-1.056	0.065	-0.932	-0.871	-0.655	-0.609	-0.776	-0.597
CAATTCGTCCC	-0.018	0.108	0.717	0.547	0.362	0.533	0.123	0.479	0.006
CAATTGCTCCC	-0.685	-0.852	-0.396	-0.531	-0.487	-0.460	-0.589	-0.849	-0.604
CAATTTATCCT	-0.744	-0.676	-0.038	-0.640	-0.801	-0.566	-0.710	-1.095	-0.673
CAGAAAATCCC	0.992	0.978	1.817	1.044	0.966	1.180	1.134	0.902	1.191
CAGAAAGTCCT	-0.351	-0.724	1.031	-0.785	-0.693	-0.508	-0.610	-0.362	-0.371
CAGAACCTCCT	-0.921	-1.306	-0.658	-0.944	-0.924	-0.791	-0.938	-1.478	-0.853
CAGAACTTCCC	0.921	0.457	1.945	0.094	0.182	0.196	0.329	0.664	0.413
CAGAAGATCCT	-1.334	-2.159	-1.034	-1.124	-1.305	-0.765	-1.129	-1.497	-1.068
CAGAAGGCCCC	-0.114	-0.224	-0.908	-0.262	-0.248	-0.259	-0.223	-0.241	-0.183
CAGAAGTCCCT	1.878	1.513	0.471	1.857	2.025	1.615	1.347	1.394	0.987
CAGAATACCCT	0.635	1.121	0.000	0.882	0.743	0.546	0.477	0.496	0.421
CAGAATCTCCC	0.636	0.713	0.546	0.396	0.641	-0.063	0.291	0.223	0.378
CAGAATTCCCC	2.251	1.492	3.196	2.214	2.257	2.614	2.286	1.730	2.610
CAGAGACCCCC	0.407	0.706	-1.053	0.502	0.373	0.093	0.302	0.323	0.174
CAGAGATTCCT	-0.806	-1.430	0.143	-1.003	-1.158	-0.492	-0.992	-0.640	-0.606
CAGAGCACCCT	-0.624	-0.392	-0.924	-0.444	-0.474	-0.306	-0.750	-1.145	-0.736
CAGAGCATCCC	-0.856	-1.457	-0.631	-0.893	-1.025	-0.586	-1.024	-1.220	-1.004
CAGAGCTCCCC	0.039	-0.056	-0.432	-0.038	0.161	-0.163	-0.211	0.063	-0.215
CAGAGTATCCT	-0.987	-1.795	-0.548	-0.991	-1.112	-0.651	-1.005	-1.447	-1.002
CAGAGTGCCCT	-0.784	-1.127	-0.650	-0.973	-0.897	-0.629	-0.964	-0.975	-0.713
CAGAGTGTCCC	0.185	0.021	0.916	0.434	0.304	0.161	0.144	0.274	0.221
CAGATACTCCC	-0.154	-0.181	-0.100	-0.637	-0.145	-0.309	-0.498	-0.312	-0.374
CAGATAGCCCT	-0.662	-1.020	-0.575	-0.675	-0.804	-0.544	-0.763	-1.229	-0.828
CAGATCCCCCT	2.394	1.596	-0.067	2.367	2.450	1.411	1.762	1.847	1.371
CAGATCGTCCT	-1.000	-1.217	-0.097	-0.777	-0.842	-0.471	-0.796	-1.166	-0.663
CAGATGACCCC	-0.422	-0.382	-0.400	-0.302	-0.204	-0.355	-0.386	-0.754	-0.390
CAGATGTTCCT	-0.746	-2.014	-0.208	-0.843	-1.017	-0.586	-0.870	-1.154	-0.842
CAGGAAACCCC	1.381	1.025	2.367	1.387	0.925	1.377	1.312	1.045	1.763
CAGGAACTCCC	0.636	0.648	1.070	0.116	0.322	0.144	0.288	0.424	0.208
CAGGACACCCT	-0.865	-1.688	-0.817	-0.656	-0.795	-0.717	-0.828	-1.206	-0.705
CAGGACTTCCT	-0.403	-0.664	-0.023	-0.842	-0.897	-0.608	-0.542	-0.448	-0.475
CAGGAGGTCCT	-0.781	-1.520	0.426	-0.466	-0.523	-0.389	-0.822	-0.953	-0.415
CAGGATATCCC	-0.140	-0.266	0.644	-0.211	-0.231	-0.111	-0.093	-0.116	-0.032
CAGGATCCCCT	1.914	1.343	-0.318	1.653	1.790	1.300	1.427	1.338	0.975
CAGGGAGTCCT	-0.336	0.034	0.073	-0.323	-0.201	-0.143	-0.215	-0.383	-0.230
CAGGGATCCCC	1.557	0.940	0.967	1.102	1.114	0.898	1.226	1.098	1.311
CAGGGCCTCCC	-0.699	-0.933	-0.644	-0.746	-0.640	-0.467	-0.636	-0.529	-0.502
CAGGGCTCCCT	-0.698	-0.631	-0.815	-0.477	-0.430	-0.475	-0.717	-0.901	-0.708
CAGGGGACCCT	0.045	0.487	-0.887	0.530	0.290	0.583	0.384	-0.293	-0.049
CAGGGGATCCC	1.733	1.026	1.588	1.183	1.118	1.658	1.492	0.893	1.424
CAGGGGTTCCT	-0.094	0.529	-0.143	0.388	-0.015	0.770	0.550	-0.324	0.485
CAGGGTCCCCC	1.234	0.876	-0.420	1.386	1.219	0.451	0.881	0.998	0.408
CAGGTACCCCT	0.304	0.353	-0.050	1.057	0.548	0.356	0.796	0.193	0.274
CAGGTCATCCT	-1.212	-1.843	-0.599	-0.916	-1.236	-0.537	-1.083	-1.524	-1.018
CAGGTCGCCCC	-0.268	-0.385	-0.367	-0.126	-0.180	-0.232	-0.328	0.016	-0.130
CAGGTGCTCCT	-0.571	-0.051	-0.953	-0.443	-0.450	0.061	-0.266	-1.314	-0.565
CAGGTGTTCCC	-0.005	0.017	0.518	-0.035	-0.098	0.070	0.153	0.188	0.359
CAGGTTACCCC	0.345	0.178	0.269	0.629	0.443	0.085	0.253	0.552	0.490
CAGGTTGTCCT	-0.774	-0.869	-0.115	-0.805	-0.961	-0.451	-0.884	-1.047	-0.710
CAGGTTTCCCT	1.393	1.158	0.821	1.759	1.283	1.211	1.331	1.259	0.893
CAGTAAATCCT	-0.903	-1.235	-0.441	-0.598	-0.822	-0.605	-0.822	-1.013	-0.810
CAGTAATTCCC	1.117	0.948	2.178	0.710	0.722	0.804	0.865	1.311	1.051
CAGTACCCCCC	0.954	1.146	-0.045	1.156	0.927	0.733	0.960	0.886	0.823
CAGTACGCCCT	-0.914	-1.795	-0.311	-0.840	-0.890	-0.678	-0.662	-1.253	-0.761
CAGTAGACCCC	-0.397	-0.398	-0.444	-0.384	-0.472	-0.423	-0.485	-0.501	-0.439
CAGTAGCTCCT	-1.086	-1.982	-0.468	-1.102	-1.236	-0.806	-1.132	-1.716	-1.018
CAGTAGGTCCC	-0.340	-0.303	0.280	-0.117	0.069	-0.075	-0.347	-0.430	-0.438
CAGTGAACCCC	-0.227	-0.483	-0.036	-0.205	-0.298	-0.201	-0.346	-0.189	-0.119
CAGTGACCCCT	-0.321	-0.115	-0.538	-0.116	-0.303	-0.028	-0.373	-0.672	-0.427
CAGTGAGTCCC	0.411	0.525	0.140	0.164	0.511	0.308	0.115	0.393	0.000
CAGTGCATCCT	-0.986	-2.120	-0.475	-1.042	-1.188	-0.705	-0.986	-1.589	-0.988
CAGTGGCTCCC	-0.743	-1.438	-0.478	-0.764	-0.932	-0.661	-0.817	-1.219	-0.857
CAGTGGGTCCT	-1.101	-1.795	-0.388	-0.708	-0.698	-0.509	-0.790	-1.359	-1.083
CAGTGGTCCCC	0.247	0.538	-0.010	0.412	0.612	0.290	0.212	0.329	0.011
CAGTGTTTCCT	-0.470	-0.616	0.510	-0.677	-0.831	-0.520	-0.473	-0.349	-0.285
CAGTTACCCCC	0.953	1.106	0.379	1.396	1.012	0.638	0.838	1.011	0.788
CAGTTACTCCT	-0.763	-1.218	-0.453	-0.763	-0.976	-0.649	-0.940	-1.080	-0.871
CAGTTCTCCCT	0.838	1.084	0.501	1.113	1.222	0.650	0.551	0.630	0.344
CAGTTCTTCCC	0.385	-0.083	1.199	-0.179	-0.231	-0.092	0.099	0.641	0.366
CAGTTGACCCT	-0.555	-0.922	-0.398	-0.777	-0.526	-0.533	-0.554	-1.183	-0.639
CAGTTTATCCC	-0.133	-0.117	0.419	-0.287	-0.213	0.069	-0.195	0.089	-0.051
CAGTTTGCCCC	1.166	0.492	1.602	0.563	0.532	0.189	0.571	1.504	0.899
CGAAAAATCCT	-0.584	-0.702	0.627	-0.584	-0.775	-0.361	-0.435	-0.320	-0.290
CGAAACCCCCT	2.243	1.689	0.503	2.209	2.218	2.004	2.142	1.518	2.210
CGAAAGATCCC	-0.025	-0.089	0.022	-0.282	0.027	-0.151	-0.051	-0.258	-0.147
CGAAAGGCCCT	-0.366	-0.751	-0.835	-0.600	-0.417	-0.447	-0.217	-0.822	-0.620
CGAAAGTTCCT	-0.689	-0.747	0.451	-0.709	-0.963	-0.530	-0.651	-0.537	-0.406
CGAAATCCCCC	2.326	1.639	1.695	2.422	2.579	2.273	2.125	1.833	2.358
CGAAGACTCCC	-0.172	-0.307	-0.527	-0.747	-0.262	-0.407	-0.618	-0.657	-0.571
CGAAGATCCCC	1.411	0.983	-0.014	1.113	1.500	1.057	1.150	1.039	1.046
CGAAGCATCCT	-1.254	-3.513	-1.048	-1.021	-1.102	-0.775	-1.089	-1.649	-1.002
CGAAGCGCCCC	-0.171	-0.188	-0.596	0.263	0.034	-0.173	-0.051	-0.144	0.051
CGAAGCTTCCC	-0.322	-0.668	0.142	-0.463	-0.617	-0.466	-0.568	-0.253	-0.652
CGAAGGACCCT	-0.948	-1.417	-1.309	-0.721	-0.928	-0.622	-0.812	-1.472	-0.870
CGAAGTGTCCT	-0.957	-1.952	-0.410	-0.796	-1.126	-0.440	-0.797	-1.187	-0.640
CGAAGTTCCCT	0.834	0.819	0.618	0.672	0.603	0.347	0.752	0.425	0.379
CGAATACCCCT	1.168	1.132	0.147	1.635	1.030	0.860	1.121	0.876	0.881
CGAATATTCCC	0.873	0.695	1.866	0.536	0.405	0.525	0.929	0.941	0.858
CGAATCATCCC	-0.734	-0.966	-0.386	-0.752	-0.644	-0.352	-0.619	-0.745	-0.523
CGAATCGCCCT	-0.694	-1.414	-0.520	-0.785	-0.752	-0.603	-0.649	-0.785	-0.657
CGAATGATCCT	-0.966	-1.923	-0.807	-0.928	-1.161	-0.659	-0.935	-1.720	-0.968
CGAATGTCCCC	1.089	1.103	0.531	1.171	1.068	0.861	1.074	1.013	0.868
CGAATTCTCCT	-0.480	-1.079	-0.004	-0.835	-0.948	-0.594	-0.707	-0.873	-0.630
CGAGAAATCCC	0.872	0.819	1.396	0.543	0.773	0.839	0.718	0.883	0.451
CGAGAATCCCT	0.250	0.393	-0.154	0.573	0.305	0.327	0.284	0.277	0.320
CGAGACGCCCC	0.037	0.148	-0.513	0.231	0.237	-0.044	-0.155	0.270	-0.078
CGAGACGTCCT	-1.157	-1.332	-0.768	-0.949	-1.070	-0.730	-0.933	-1.553	-0.864
CGAGAGCCCCT	0.363	0.741	-0.807	0.576	0.502	0.297	0.418	0.099	0.379
CGAGATACCCC	0.439	0.305	-0.193	0.921	0.539	0.114	0.228	0.515	0.344
CGAGATTTCCC	1.431	0.975	1.928	0.926	0.804	0.882	1.057	1.313	0.887
CGAGGAATCCT	-0.879	-1.180	-0.235	-0.975	-1.080	-0.504	-0.800	-0.824	-0.613
CGAGGCACCCT	-1.035	-1.162	-1.094	-0.720	-0.726	-0.572	-0.854	-0.919	-1.005
CGAGGCATCCC	-1.050	-1.343	-0.716	-0.906	-0.973	-0.635	-0.831	-1.020	-0.807
CGAGGCTTCCT	-1.089	-2.465	-0.994	-1.047	-1.311	-0.827	-1.189	-1.495	-1.054
CGAGGGCCCCC	0.040	0.101	-0.934	0.202	0.199	-0.082	-0.011	-0.036	0.137
CGAGGGTTCCC	-0.206	-0.573	-0.124	-0.335	-0.397	-0.304	-0.377	-0.048	-0.073
CGAGGTGCCCT	-0.798	-1.515	-0.746	-0.870	-0.973	-0.610	-0.840	-1.157	-0.789
CGAGTAACCCC	-0.232	-0.076	-0.498	0.213	-0.188	-0.149	-0.211	-0.046	-0.115
CGAGTCCCCCT	1.658	1.467	-0.044	2.083	1.684	1.109	1.389	1.473	1.152
CGAGTCTTCCC	-0.100	-0.565	0.331	-0.409	-0.386	-0.302	-0.304	0.033	-0.153
CGAGTGACCCT	-0.827	-1.328	-1.208	-0.722	-0.855	-0.545	-0.906	-1.344	-0.744
CGAGTGCTCCT	-1.107	-2.120	-0.962	-0.983	-1.370	-0.788	-1.026	-1.630	-0.978
CGAGTGGTCCC	-0.513	-0.072	-0.301	-0.138	0.015	-0.046	-0.369	-0.515	-0.428
CGAGTTATCCT	-1.016	-1.236	-0.476	-0.889	-1.135	-0.637	-0.873	-1.269	-0.871
CGAGTTCTCCC	0.096	0.100	0.005	0.182	0.367	-0.059	-0.132	-0.044	-0.160
CGAGTTGCCCC	0.542	0.052	0.677	0.407	0.428	-0.029	0.310	0.855	0.564
CGAGTTTCCCT	1.162	1.124	1.136	1.419	1.040	1.172	1.157	1.074	0.975
CGATAAGCCCC	0.383	0.756	-0.417	0.409	0.334	0.220	0.238	0.250	0.310
CGATAATTCCC	1.428	0.948	2.040	0.870	0.871	0.738	0.974	1.512	1.115
CGATACACCCT	-0.642	-0.733	-0.540	-0.507	-0.424	-0.360	-0.613	-0.730	-0.561
CGATACCTCCC	-0.477	-0.527	-0.139	-0.506	-0.466	-0.392	-0.641	-0.897	-0.543
CGATAGCCCCC	0.352	0.930	-0.556	0.523	0.492	0.275	0.570	0.288	0.258
CGATAGCTCCT	-1.073	-1.631	-0.609	-1.003	-1.343	-0.796	-1.040	-1.651	-1.087
CGATATATCCC	-0.330	-0.443	0.113	-0.154	-0.357	-0.077	-0.280	-0.427	-0.465
CGATATTTCCT	-0.302	-0.558	0.574	-0.422	-0.725	-0.405	-0.495	-0.166	-0.154
CGATGACCCCT	-0.386	-0.034	-0.679	-0.057	-0.223	-0.125	-0.154	-0.665	-0.266
CGATGCTCCCC	-0.046	-0.044	0.027	0.043	0.111	-0.125	-0.196	0.017	-0.273
CGATGGATCCT	-1.044	-1.500	-0.596	-1.115	-1.329	-0.616	-1.004	-1.595	-1.008
CGATGGGCCCT	-0.968	-1.432	-0.936	-0.850	-0.950	-0.601	-0.798	-1.733	-0.583
CGATGTACCCC	-0.125	0.000	0.132	0.491	0.299	-0.073	0.160	0.113	0.101
CGATGTCTCCT	-0.843	-1.355	-0.490	-0.858	-1.042	-0.736	-0.849	-1.525	-0.895
CGATGTGTCCC	0.081	-0.155	0.341	0.045	-0.029	0.228	0.070	0.132	0.074
CGATTAACCCT	-0.497	-0.551	-0.485	-0.624	-0.691	-0.421	-0.556	-0.830	-0.644
CGATTAATCCC	-0.055	-0.315	0.097	-0.161	0.047	-0.086	-0.137	-0.022	-0.299
CGATTAGTCCT	-0.961	-1.162	-0.163	-0.766	-1.117	-0.532	-0.861	-1.099	-0.684
CGATTGACCCC	-0.579	-0.753	-0.827	-0.411	-0.398	-0.367	-0.288	-0.541	-0.184
CGATTGTCCCT	0.871	1.161	0.353	1.274	1.287	1.180	0.943	0.770	0.660
CGATTTCCCCT	2.263	1.658	1.726	2.231	2.389	2.208	1.963	1.827	1.805
CGGAAAACCCC	2.319	1.191	3.694	2.179	1.231	2.569	2.284	2.070	3.226
CGGAAATCCCT	1.355	1.087	2.441	1.466	0.939	1.303	1.246	1.205	1.561
CGGAAATTCCC	2.225	1.061	4.221	2.042	1.193	2.534	2.395	2.277	2.878
CGGAACACCCT	-0.453	-0.182	-0.222	-0.287	-0.373	-0.238	-0.316	-0.444	-0.317
CGGAACGTCCC	0.933	0.116	1.162	0.327	0.184	0.505	0.956	0.440	0.748
CGGAAGCTCCT	-1.050	-1.952	-0.120	-1.204	-1.173	-0.752	-1.085	-1.462	-0.785
CGGAATCCCCT	2.296	1.600	2.167	2.222	2.434	2.386	2.131	1.831	2.305
CGGAATTTCCT	1.200	-0.012	3.698	-0.041	-0.413	-0.109	0.553	0.843	0.719
CGGAGAGTCCT	-0.159	-1.198	1.002	-0.743	-0.808	-0.591	-0.629	-0.482	-0.448
CGGAGCGCCCT	-0.940	-1.843	-0.577	-0.954	-1.127	-0.701	-0.911	-1.207	-1.008
CGGAGGCCCCC	0.494	0.282	-1.019	0.000	-0.041	-0.056	0.175	0.165	0.393
CGGAGGTTCCC	0.387	-0.355	1.198	-0.115	-0.291	-0.258	-0.051	0.126	-0.016
CGGAGTATCCC	0.294	-0.805	0.970	-0.711	-0.605	-0.256	-0.056	-0.045	-0.076
CGGATAATCCT	-1.037	-1.309	0.536	-1.081	-1.021	-0.659	-0.831	-0.945	-0.765
CGGATCTTCCT	-0.690	-1.667	0.450	-0.889	-1.214	-0.691	-0.836	-0.859	-0.666
CGGATGGCCCT	-0.472	-1.087	-1.003	-0.331	-0.367	-0.625	-0.684	-0.715	-0.706
CGGATGGTCCC	0.132	-0.139	0.128	-0.117	-0.036	-0.009	0.027	0.020	0.154
CGGATTGCCCC	1.351	0.548	1.997	0.607	0.497	0.518	0.991	1.073	0.987
CGGGAACCCCC	2.467	0.986	2.260	2.344	1.671	2.978	2.465	2.010	2.858
CGGGAACTCCT	0.357	0.314	1.672	0.030	-0.024	0.181	0.170	0.188	0.424
CGGGAAGCCCT	-0.188	-0.369	0.636	-0.178	-0.513	-0.038	0.032	-0.133	0.190
CGGGACCCCCT	1.013	1.200	-0.322	1.355	1.133	0.855	0.923	0.895	0.632
CGGGACTCCCC	1.879	0.810	1.908	1.866	1.594	2.762	1.903	1.926	2.504
CGGGAGATCCT	-0.217	0.247	-0.093	0.152	0.132	0.164	0.061	-0.227	0.033
CGGGAGCTCCC	0.408	0.136	0.730	-0.106	0.077	0.135	0.030	-0.102	0.192
CGGGATGCCCC	1.510	0.572	1.386	1.279	1.237	2.244	1.596	0.949	1.609
CGGGGAATCCC	2.362	1.221	3.565	2.749	2.643	3.128	2.809	2.508	3.540
CGGGGACCCCT	0.430	0.724	-0.041	0.906	0.578	0.639	0.693	0.478	-0.034
CGGGGCACCCC	0.700	0.323	0.313	1.096	0.451	1.207	1.060	0.899	1.431
CGGGGCATCCT	0.024	0.212	-0.458	0.340	0.179	0.516	0.306	0.188	0.458
CGGGGGGTCCC	1.377	0.975	0.448	1.671	1.284	2.054	1.593	1.042	1.590
CGGGGGTCCCT	0.963	1.142	0.006	1.234	1.060	0.985	1.071	0.761	0.926
CGGGGTCTCCT	-0.308	0.072	-0.015	-0.207	-0.332	0.010	-0.191	-0.336	0.069
CGGGGTTCCCC	2.304	0.899	2.616	2.277	1.926	3.045	2.645	2.196	3.294
CGGGTAGTCCC	1.360	0.936	1.238	1.170	0.735	1.659	1.228	1.095	1.503
CGGGTATCCCC	1.840	0.854	1.900	1.589	0.893	2.482	2.008	1.638	2.533
CGGGTATTCCT	0.593	0.730	1.714	0.712	0.353	1.405	1.058	0.468	1.216
CGGGTCCTCCC	-0.451	-0.467	-0.107	-0.335	-0.526	-0.154	-0.038	-0.324	0.074
CGGGTCGTCCT	-0.972	-1.355	-0.683	-0.859	-0.864	-0.504	-0.834	-1.148	-0.640
CGGGTGCCCCC	0.794	0.777	-0.090	1.051	0.779	0.373	0.707	0.974	0.840
CGGGTTACCCT	-0.112	-0.264	0.242	-0.220	0.063	-0.085	-0.124	-0.081	-0.026
CGGGTTATCCC	0.634	0.247	1.547	0.698	0.155	1.503	0.988	0.306	0.791
CGGTAAACCCT	-0.158	-0.188	0.285	-0.053	-0.151	0.217	0.042	-0.122	0.186
CGGTAACTCCC	0.774	0.598	1.078	1.018	0.459	1.035	0.795	0.555	0.833
CGGTACATCCC	0.384	0.342	0.722	0.811	0.529	1.693	0.930	0.078	0.879
CGGTACTCCCT	0.515	0.837	0.445	0.415	0.724	0.708	0.425	0.323	0.382
CGGTAGCCCCT	0.402	0.991	0.026	0.728	0.503	0.543	0.598	0.380	0.450
CGGTAGTCCCC	1.435	1.223	0.678	1.335	1.047	1.513	1.311	1.119	1.421
CGGTATCCCCC	1.693	1.128	0.855	1.649	1.327	2.071	1.562	1.232	1.714
CGGTATGTCCT	-0.663	-0.810	0.150	-0.675	-0.895	-0.370	-0.702	-0.815	-0.489
CGGTGAGCCCC	-0.047	0.071	-0.508	0.236	-0.067	-0.038	0.077	0.300	0.314
CGGTGCCTCCT	-0.873	-0.702	-0.441	-0.769	-0.763	-0.485	-0.611	-1.188	-0.785
CGGTGCTTCCC	1.223	0.562	0.809	2.062	1.085	2.725	1.984	0.924	2.216
CGGTGGATCCC	0.748	0.420	0.057	1.382	0.911	2.322	1.326	0.293	1.432
CGGTGGTTCCT	0.410	0.731	0.074	0.552	0.293	1.048	0.701	-0.020	0.719
CGGTGTACCCT	-0.317	-0.022	-0.287	-0.155	-0.046	0.050	-0.282	-0.172	-0.317
CGGTGTCTCCC	0.064	-0.003	-0.108	0.143	-0.121	0.283	0.211	-0.051	0.354
CGGTTATCCCT	0.054	0.215	0.134	0.321	0.229	0.380	0.272	0.223	0.381
CGGTTCATCCT	-0.880	-1.119	-0.997	-0.765	-0.960	-0.513	-0.900	-1.412	-1.009
CGGTTCCCCCC	2.244	1.524	0.357	2.231	2.303	1.572	1.894	1.854	1.726
CGGTTGCTCCT	-0.927	-1.500	-0.357	-0.904	-1.095	-0.686	-0.989	-1.437	-1.002
CGGTTTACCCC	0.807	0.564	0.939	1.163	0.667	0.746	1.010	1.040	1.041
CGGTTTTTCCC	1.810	0.935	3.708	1.777	1.045	2.664	1.879	1.574	2.302
GAAAAAACCCC	1.930	1.188	2.268	2.120	2.141	2.735	2.203	1.455	2.183
GAAAAATTCCT	0.245	-0.065	1.781	-0.236	-0.659	-0.212	0.117	0.538	0.319
GAAAACATCCC	-0.084	-0.173	0.244	-0.321	-0.240	-0.106	-0.068	-0.174	-0.211
GAAAACCCCCT	2.457	1.600	1.832	2.622	3.019	2.746	2.591	1.991	2.856
GAAAACGTCCT	-0.838	-1.262	-0.176	-0.687	-0.872	-0.536	-0.654	-0.823	-0.648
GAAAAGGCCCC	0.289	0.523	-0.413	0.246	0.151	0.108	0.416	-0.101	0.313
GAAAAGTCCCT	2.073	1.364	1.432	2.216	2.669	2.497	1.792	1.589	2.158
GAAAATATCCT	-0.742	-1.168	-0.098	-0.797	-1.049	-0.530	-0.608	-0.995	-0.675
GAAAATCTCCC	0.875	0.914	1.060	0.630	1.076	0.592	0.800	0.573	0.538
GAAAGAATCCT	-1.115	-1.189	-0.654	-0.787	-0.950	-0.601	-0.922	-1.221	-0.804
GAAAGACCCCC	1.122	0.985	-0.269	1.034	0.920	0.754	1.165	0.485	0.846
GAAAGCTCCCC	0.536	0.670	-0.066	0.294	0.445	0.244	0.231	0.317	0.189
GAAAGGTTCCC	-0.184	-0.486	0.328	-0.316	-0.203	-0.241	-0.334	-0.141	-0.167
GAAAGTGCCCC	0.655	0.277	0.518	0.479	0.443	0.105	0.365	0.607	0.511
GAAAGTGTCCT	-0.843	-1.579	0.022	-0.525	-0.858	-0.464	-0.450	-0.958	-0.375
GAAAGTTCCCT	1.116	1.155	0.999	0.987	0.985	1.115	1.030	0.705	0.730
GAAATAGTCCC	1.156	1.157	0.835	0.953	1.378	1.312	0.964	0.838	0.853
GAAATCCTCCT	-0.658	-0.961	-0.084	-0.866	-0.979	-0.613	-0.961	-0.982	-0.715
GAAATCGCCCC	0.401	0.544	0.357	0.759	0.494	0.298	0.557	0.842	0.389
GAAATGACCCT	-0.247	-0.328	-0.430	-0.380	-0.287	-0.304	-0.110	-0.632	-0.223
GAAATGCTCCC	-0.482	-0.556	-0.193	-0.819	-0.542	-0.401	-0.537	-0.726	-0.598
GAAATTGCCCT	0.028	-0.312	0.612	-0.476	-0.547	-0.333	-0.203	0.175	-0.092
GAAGAAATCCC	0.960	0.872	1.235	0.618	0.876	0.930	0.759	0.892	0.641
GAAGAAGCCCT	-0.934	-1.649	-0.988	-0.801	-1.039	-0.651	-0.868	-1.080	-0.998
GAAGAATCCCC	2.185	1.356	1.110	1.849	2.288	2.185	1.830	1.564	1.529
GAAGACACCCC	-0.324	-0.135	-0.516	0.105	-0.183	-0.303	-0.316	-0.163	-0.242
GAAGACCTCCT	-0.905	-2.611	-0.649	-0.869	-1.234	-0.857	-0.909	-1.609	-0.944
GAAGAGCCCCT	0.604	1.003	-0.596	0.833	0.554	0.626	0.773	0.202	0.429
GAAGAGTTCCC	0.270	0.281	0.742	-0.074	0.132	-0.063	0.048	0.460	0.057
GAAGATACCCT	0.217	0.622	-0.565	0.032	0.142	0.070	0.085	-0.063	0.000
GAAGATGCCCC	0.599	0.407	0.053	0.376	0.421	0.013	0.186	0.679	0.228
GAAGATTTCCT	-0.241	-0.715	0.421	-0.770	-0.764	-0.513	-0.568	-0.169	-0.383
GAAGGAACCCT	-0.887	-1.309	-0.526	-0.793	-0.996	-0.566	-0.818	-1.101	-0.694
GAAGGAGTCCT	-0.892	-1.546	-0.288	-0.808	-0.985	-0.648	-0.934	-1.077	-0.746
GAAGGCATCCT	-1.126	-1.343	-0.848	-1.119	-1.293	-0.851	-1.206	-1.724	-1.145
GAAGGCCCCCC	0.456	0.635	-1.443	0.671	0.366	0.244	0.620	0.408	0.062
GAAGGCGTCCC	-0.134	-0.030	-0.376	0.216	0.147	-0.016	-0.134	-0.053	-0.265
GAAGGCTCCCT	-0.740	-1.027	-0.795	-0.670	-0.594	-0.473	-0.784	-1.022	-0.773
GAAGGGACCCC	-0.173	0.244	-0.812	0.639	0.268	0.629	0.512	-0.159	0.296
GAAGGGCTCCC	-0.800	-1.072	-1.077	-0.771	-0.771	-0.651	-0.916	-1.048	-0.778
GAAGGTCTCCT	-0.982	-2.582	-0.533	-1.021	-1.217	-0.690	-0.897	-1.585	-0.760
GAAGGTGCCCT	-0.722	-0.946	-0.528	-0.597	-0.821	-0.486	-0.698	-1.152	-0.907
GAAGTAATCCT	-1.000	-1.649	-0.663	-0.928	-1.160	-0.468	-0.977	-1.225	-0.892
GAAGTACCCCC	1.306	1.249	0.109	1.330	1.274	0.815	1.140	0.887	0.946
GAAGTCTTCCC	-0.272	-0.511	0.246	-0.537	-0.349	-0.370	-0.339	0.175	-0.174
GAAGTGCTCCT	-0.918	-1.668	-0.661	-1.222	-1.332	-0.792	-1.013	-1.673	-1.003
GAAGTGGCCCC	-0.503	-0.225	-1.022	-0.112	-0.183	-0.401	-0.265	-0.347	-0.316
GAAGTGTCCCT	0.670	0.834	-0.031	1.365	1.071	0.946	1.041	0.382	0.650
GAAGTTATCCC	-0.310	-0.295	-0.084	-0.152	-0.113	-0.152	-0.235	-0.126	-0.251
GAAGTTGTCCT	-0.859	-1.049	-0.136	-0.620	-0.826	-0.601	-0.716	-0.931	-0.642
GAAGTTTCCCC	2.297	1.355	2.239	2.187	2.193	1.996	1.991	1.885	1.708
GAATAACTCCT	-0.733	-1.372	-0.147	-0.853	-0.919	-0.713	-0.946	-0.820	-0.791
GAATAAGTCCC	1.433	1.129	0.563	1.133	1.379	0.974	0.993	1.033	0.676
GAATACATCCT	-0.816	-0.946	-0.313	-0.824	-0.977	-0.677	-0.805	-1.362	-0.870
GAATACTCCCC	0.707	0.933	0.403	0.628	0.800	0.502	0.752	0.806	0.479
GAATAGACCCT	-0.545	-0.579	-0.683	-0.749	-0.679	-0.346	-0.606	-1.185	-0.574
GAATAGCTCCC	-0.627	-0.795	-0.473	-0.873	-0.753	-0.577	-0.840	-1.158	-0.820
GAATAGGTCCT	-1.080	-1.246	-0.471	-0.501	-0.766	-0.387	-0.800	-1.346	-0.527
GAATATATCCC	-0.275	-0.184	0.048	-0.295	-0.131	-0.107	-0.268	-0.368	-0.351
GAATATCCCCC	1.943	1.346	0.817	1.901	1.966	1.712	1.642	1.327	1.585
GAATATTCCCT	1.239	1.188	1.374	1.199	1.036	1.301	1.283	0.882	1.161
GAATGAGCCCT	-0.778	-1.392	-1.062	-0.969	-1.175	-0.606	-0.989	-1.547	-1.023
GAATGATCCCC	0.936	0.816	-0.194	0.595	0.943	0.548	0.697	0.665	0.409
GAATGCCTCCT	-0.691	-1.267	-0.058	-1.251	-1.060	-0.691	-0.961	-1.513	-0.845
GAATGGATCCC	-0.796	-0.946	-0.423	-0.774	-0.777	-0.505	-0.763	-1.022	-0.839
GAATGGCCCCT	0.128	0.432	-0.247	0.242	0.270	0.000	0.262	-0.321	-0.168
GAATGTTTCCC	1.088	0.423	2.029	0.655	0.422	0.332	0.797	1.200	0.614
GAATTAGTCCT	-0.821	-1.596	0.155	-0.767	-0.954	-0.565	-0.862	-0.711	-0.848
GAATTATTCCC	0.970	0.532	1.889	0.413	0.440	0.423	0.744	1.155	0.686
GAATTCACCCC	0.892	0.437	0.545	0.753	0.490	0.192	0.806	0.643	0.698
GAATTCCTCCC	0.170	-0.019	0.897	-0.071	-0.140	-0.010	0.018	0.325	0.177
GAATTCGCCCT	-0.461	-0.928	0.008	-0.722	-0.698	-0.505	-0.517	-0.531	-0.360
GAATTGTCCCC	1.381	1.371	1.025	1.606	1.382	1.344	1.183	1.271	0.963
GAATTGTTCCT	-0.672	-1.379	0.062	-0.587	-1.091	-0.497	-0.721	-0.937	-0.574
GAATTTACCCT	0.860	0.984	0.959	0.504	0.602	0.839	0.817	0.600	0.479
GAATTTGTCCC	1.008	0.832	1.295	0.873	0.998	0.900	0.944	1.272	0.573
GAGAAAACCCT	0.373	0.495	0.625	0.361	0.028	0.559	0.499	0.245	0.234
GAGAAACCCCC	2.145	1.408	1.353	2.035	1.982	2.154	2.004	1.452	2.136
GAGAAAGTCCC	1.510	1.141	1.967	1.697	1.809	1.913	1.473	1.386	1.686
GAGAACTCCCC	1.344	1.155	0.725	0.794	1.101	1.056	1.052	0.916	0.920
GAGAACTTCCT	-0.503	-0.697	0.439	-0.781	-0.944	-0.718	-0.731	-0.692	-0.645
GAGAAGATCCC	-0.131	-0.069	-0.164	-0.387	-0.259	-0.271	-0.161	-0.311	-0.307
GAGAAGCCCCT	1.302	1.187	-0.384	1.409	1.222	1.263	1.142	0.870	0.780
GAGAATACCCC	1.239	1.142	0.964	1.310	1.045	0.914	1.176	1.027	0.996
GAGAATGTCCT	-0.682	-1.227	0.673	-0.926	-1.008	-0.437	-0.739	-0.737	-0.678
GAGAATTCCCT	1.675	1.386	1.813	1.740	1.654	2.104	1.601	1.429	1.334
GAGAGACTCCT	-1.012	-2.144	-0.455	-1.239	-1.188	-0.793	-1.212	-1.583	-1.023
GAGAGATTCCC	0.844	0.649	1.472	0.292	0.433	0.325	0.545	0.909	0.551
GAGAGCCCCCC	0.853	1.127	-1.069	0.733	0.759	0.398	0.722	0.773	0.389
GAGAGCGCCCT	-0.903	-1.909	-0.857	-0.950	-1.002	-0.661	-1.010	-1.306	-0.822
GAGAGGACCCC	-0.636	-0.858	-0.845	-0.392	-0.461	-0.455	-0.537	-0.607	-0.571
GAGAGGGTCCC	-0.312	-0.361	-0.001	-0.109	-0.075	-0.132	-0.187	-0.406	-0.351
GAGAGGTCCCT	0.364	0.517	0.699	0.436	0.659	0.431	0.082	0.182	0.039
GAGAGTATCCC	-0.602	-0.910	-0.187	-0.687	-0.546	-0.430	-0.673	-0.656	-0.641
GAGAGTTCCCC	1.771	1.058	1.608	1.623	1.697	1.706	1.555	1.207	1.670
GAGATACCCCT	0.915	0.870	-0.299	1.632	0.817	0.576	1.103	0.434	0.859
GAGATAGTCCT	-0.973	-0.791	-0.228	-0.865	-0.986	-0.575	-0.809	-1.201	-0.764
GAGATATCCCC	1.332	1.118	0.294	0.950	1.080	1.158	1.302	0.698	0.964
GAGATCCTCCC	-0.425	-0.604	-0.414	-0.686	-0.422	-0.376	-0.539	-0.717	-0.442
GAGATGATCCT	-0.978	-1.500	-0.876	-1.158	-1.273	-0.697	-1.059	-1.840	-1.113
GAGATTACCCT	0.604	0.801	0.006	0.477	0.519	0.460	0.372	0.426	0.377
GAGATTGCCCC	0.951	0.318	0.817	0.366	0.435	0.091	0.468	1.101	0.621
GAGATTTTCCT	-0.116	-0.538	1.168	-0.507	-0.659	-0.404	-0.119	0.140	0.077
GAGGAAATCCT	-0.399	-0.905	0.229	-0.718	-0.858	-0.463	-0.425	-0.315	-0.369
GAGGAATCCCT	0.612	0.599	0.176	0.517	0.403	0.671	0.532	0.573	0.416
GAGGACGTCCC	0.098	0.144	0.381	0.017	0.140	0.388	0.262	0.150	0.205
GAGGAGCCCCC	0.440	1.041	-0.939	0.610	0.656	0.368	0.250	0.625	0.222
GAGGAGCTCCT	-1.133	-1.806	-0.566	-1.058	-1.053	-0.780	-0.927	-1.730	-0.927
GAGGAGGCCCT	-1.025	-1.072	-1.169	-0.644	-0.680	-0.602	-0.973	-1.362	-0.766
GAGGATTCCCC	2.185	1.099	2.002	2.086	2.434	2.667	2.191	1.544	2.114
GAGGGAGCCCT	-0.859	-0.904	-0.902	-0.682	-0.793	-0.464	-0.736	-1.278	-0.682
GAGGGATTCCT	0.254	0.321	0.218	0.491	0.159	0.870	0.589	0.376	0.538
GAGGGCACCCT	-0.906	-1.267	-0.976	-0.795	-0.750	-0.651	-0.740	-1.044	-0.757
GAGGGCATCCC	-0.318	-0.785	0.359	-0.505	-0.647	-0.256	-0.398	-0.179	-0.277
GAGGGCCTCCT	-0.901	-1.049	-0.673	-0.690	-0.873	-0.564	-0.776	-1.205	-0.843
GAGGGCTCCCC	0.109	0.029	-0.357	-0.218	0.159	-0.031	-0.108	0.253	0.154
GAGGGTGTCCC	0.366	0.093	0.223	0.399	0.314	0.206	0.191	0.469	0.107
GAGGGTTCCCT	-0.238	-0.133	-0.440	0.045	-0.011	-0.121	-0.027	-0.173	-0.078
GAGGTAGTCCC	0.436	0.907	0.343	0.233	0.570	0.506	0.326	0.447	0.318
GAGGTCCCCCT	1.628	1.139	0.588	1.968	1.564	0.954	1.220	1.276	1.050
GAGGTGACCCC	-0.534	-0.386	-0.476	-0.190	-0.385	-0.328	-0.428	-0.788	-0.260
GAGGTGGTCCT	-0.746	-0.198	-0.284	-0.352	-0.460	-0.030	-0.496	-1.083	-0.521
GAGGTTATCCT	-0.899	-0.539	-0.457	-0.759	-0.734	-0.329	-0.657	-1.301	-0.681
GAGGTTCTCCC	-0.004	0.031	0.018	0.107	0.333	-0.068	-0.121	-0.166	-0.043
GAGGTTGCCCT	-0.605	-1.502	-0.221	-0.624	-0.817	-0.704	-0.676	-0.770	-0.503
GAGTAAGCCCC	0.392	0.604	-0.458	0.116	0.171	0.178	0.155	0.263	0.236
GAGTAATTCCT	-0.420	-1.004	0.420	-0.870	-0.739	-0.525	-0.441	-0.180	-0.195
GAGTACACCCT	-0.830	-0.892	-0.136	-0.527	-0.614	-0.573	-0.569	-0.745	-0.376
GAGTAGTCCCT	0.997	1.355	0.344	1.058	1.123	1.206	0.922	0.633	0.660
GAGTATATCCT	-0.876	-1.056	-0.264	-0.866	-1.002	-0.578	-0.768	-1.364	-0.891
GAGTATCCCCT	1.289	1.263	0.038	1.347	1.281	1.261	1.260	0.928	0.943
GAGTATTTCCC	1.271	0.925	2.242	0.505	0.527	1.049	1.098	1.236	1.142
GAGTGACTCCC	-0.796	-0.849	-0.623	-0.827	-0.601	-0.413	-0.812	-0.837	-0.832
GAGTGCCCCCT	0.954	1.112	-0.007	1.156	0.913	0.614	0.871	0.836	0.745
GAGTGCGCCCC	-0.178	-0.170	-0.402	-0.041	-0.305	-0.085	0.038	-0.059	-0.020
GAGTGCGTCCT	-0.981	-1.332	-0.395	-0.844	-0.991	-0.581	-0.769	-1.141	-0.662
GAGTGCTTCCC	-0.232	-0.398	0.545	-0.383	-0.589	-0.056	-0.157	-0.230	0.074
GAGTGGATCCT	-0.846	-1.111	-0.466	-0.919	-1.045	-0.663	-1.004	-1.485	-0.920
GAGTGTACCCC	0.036	-0.176	0.110	0.337	0.150	-0.057	0.037	0.089	0.240
GAGTGTGCCCT	-0.552	-1.688	-0.037	-0.867	-0.946	-0.704	-0.825	-0.869	-0.582
GAGTTAATCCC	-0.451	-0.527	0.078	-0.157	-0.125	-0.147	-0.217	-0.186	-0.227
GAGTTATCCCT	-0.075	0.156	-0.151	0.304	0.201	0.345	0.135	-0.069	-0.010
GAGTTCTCCCC	1.010	1.012	0.519	1.066	1.234	0.732	1.015	1.147	0.673
GAGTTCTTCCT	-0.535	-1.515	-0.067	-0.720	-0.845	-0.678	-0.734	-0.764	-0.548
GAGTTGCCCCC	1.058	1.038	0.487	0.947	0.918	0.557	0.811	1.158	0.676
GAGTTGGCCCT	-0.546	-1.236	-0.840	-0.397	-0.243	-0.495	-0.734	-0.778	-0.623
GAGTTGTTCCC	-0.188	-0.415	0.340	-0.463	-0.327	-0.231	-0.206	-0.004	-0.104
GAGTTTCTCCT	-0.596	-1.486	-0.323	-0.855	-0.911	-0.546	-0.780	-0.907	-0.692
GGAAACCTCCT	-0.425	-1.256	0.339	-0.750	-1.019	-0.526	-0.573	-0.436	-0.293
GGAAACTCCCC	2.394	1.084	3.227	2.100	1.318	2.012	2.230	2.150	2.627
GGAAAGATCCT	-0.749	-1.246	-0.084	-0.789	-0.932	-0.674	-0.654	-0.978	-0.449
GGAAAGTTCCC	1.286	0.736	2.596	0.686	0.762	0.736	1.018	0.966	0.929
GGAAATCCCCT	3.205	1.500	3.632	3.273	2.449	3.226	3.337	3.040	3.876
GGAAATGTCCC	1.268	0.902	1.933	0.986	0.938	1.141	1.052	0.900	0.975
GGAAATTTCCT	1.829	0.318	3.453	0.485	0.052	0.150	1.222	0.900	1.415
GGAAGAACCCC	1.015	0.621	0.624	0.678	0.343	0.666	1.027	0.685	0.755
GGAAGACTCCT	-0.958	-1.868	-0.120	-0.943	-1.231	-0.778	-1.023	-1.172	-0.891
GGAAGAGCCCT	-0.191	-0.632	-0.298	-0.727	-0.910	-0.649	-0.503	-0.606	-0.318
GGAAGCACCCT	0.415	0.509	-0.312	0.214	-0.129	0.257	0.261	0.030	0.224
GGAAGCCTCCC	-0.524	-1.144	-0.446	-0.717	-0.789	-0.595	-0.721	-0.888	-0.726
GGAAGCTTCCT	-0.330	-1.042	0.818	-0.836	-1.007	-0.619	-0.759	-0.977	-0.614
GGAAGGGCCCC	0.160	-0.314	-0.533	-0.107	-0.313	-0.089	0.159	-0.002	0.327
GGAAGTATCCT	-0.799	-1.379	-0.066	-0.866	-1.121	-0.457	-0.877	-1.090	-0.681
GGAAGTTTCCC	1.475	0.874	2.981	1.034	0.959	1.243	1.220	1.362	1.146
GGAATACTCCC	0.507	0.226	0.714	-0.125	0.032	-0.025	0.124	0.280	0.199
GGAATATCCCT	1.412	0.687	2.036	1.038	0.471	1.235	1.365	0.979	1.603
GGAATCGTCCC	0.504	0.420	0.862	0.267	0.290	0.582	0.591	0.649	0.392
GGAATGATCCC	-0.382	-0.737	-0.086	-0.764	-0.763	-0.387	-0.396	-0.432	-0.264
GGAATGCCCCC	2.079	1.020	2.796	1.753	1.131	1.798	2.178	1.606	2.484
GGAATGGTCCT	-0.849	-1.367	0.313	-0.612	-0.903	-0.493	-0.627	-0.890	-0.524
GGAATTACCCC	1.915	0.961	2.909	1.847	1.184	1.763	2.076	1.439	2.346
GGAGAAACCCT	0.478	-0.144	0.379	0.176	-0.350	0.127	0.623	0.255	0.637
GGAGAACCCCC	1.880	1.014	0.892	1.586	1.416	1.751	1.771	1.214	1.736
GGAGAAGTCCT	-0.525	-0.831	0.391	-0.864	-0.798	-0.506	-0.585	-0.433	-0.307
GGAGACGCCCT	-0.832	-1.596	-0.954	-0.933	-1.050	-0.720	-0.770	-1.164	-0.641
GGAGACTTCCC	0.505	0.004	1.112	-0.125	-0.132	0.117	0.170	0.335	0.286
GGAGAGCTCCT	-1.015	-1.708	-0.469	-1.058	-1.167	-0.711	-1.015	-1.647	-1.074
GGAGATATCCT	-0.874	-1.227	-0.481	-0.872	-1.040	-0.703	-0.798	-1.350	-0.820
GGAGATTCCCC	2.349	1.130	2.936	2.216	2.057	2.508	2.220	1.879	2.205
GGAGGACCCCT	0.108	-0.192	-0.648	-0.077	-0.321	-0.099	0.173	0.000	0.275
GGAGGAGTCCC	0.889	0.853	0.299	0.409	0.725	0.586	0.831	0.717	0.541
GGAGGATCCCC	1.536	1.031	0.374	0.916	1.271	1.188	1.216	1.150	0.899
GGAGGCGCCCC	-0.062	-0.093	-0.259	0.214	0.000	-0.082	0.016	-0.156	-0.041
GGAGGGATCCT	-0.619	-1.098	-0.405	-0.517	-0.707	-0.254	-0.580	-1.014	-0.454
GGAGGGTCCCT	0.933	0.371	-0.115	0.448	0.287	0.534	0.819	0.496	0.547
GGAGGTACCCT	0.094	0.047	-0.125	-0.250	0.094	-0.066	0.026	-0.043	0.054
GGAGGTATCCC	-0.519	-1.013	-0.331	-0.395	-0.488	-0.304	-0.401	-0.570	-0.276
GGAGTAATCCC	-0.090	-0.279	0.396	-0.368	-0.277	0.000	-0.103	0.086	0.019
GGAGTCACCCT	-0.224	-0.676	-0.674	-0.661	-0.378	-0.345	-0.500	-0.396	-0.585
GGAGTCCTCCC	-0.571	-0.916	-0.114	-0.535	-0.550	-0.266	-0.463	-0.207	-0.576
GGAGTCGTCCT	-0.993	-1.277	-0.136	-0.714	-1.026	-0.582	-0.875	-1.400	-0.812
GGAGTCTCCCC	1.267	0.531	1.174	0.514	0.547	0.409	0.997	0.822	0.954
GGAGTGACCCC	-0.353	-0.505	-0.389	-0.304	-0.399	-0.461	-0.178	-0.367	-0.254
GGAGTGGCCCT	-0.155	-1.103	-0.154	-0.334	-0.631	-0.562	-0.329	-0.305	-0.052
GGAGTTCCCCT	2.642	1.136	2.768	2.288	2.002	2.826	2.792	2.612	3.502
GGAGTTTTCCT	0.312	-0.380	1.881	-0.581	-0.676	-0.329	-0.097	0.446	0.304
GGATAAATCCC	0.640	0.480	0.859	0.482	0.489	0.567	0.582	0.867	0.396
GGATAATCCCC	2.074	1.262	1.815	1.900	1.791	2.240	1.794	1.508	1.448
GGATACCCCCC	1.766	1.233	0.633	1.520	1.062	1.220	1.483	1.142	1.542
GGATACTTCCT	-0.647	-1.355	0.213	-0.942	-1.144	-0.625	-0.831	-1.035	-0.591
GGATAGACCCC	-0.111	-0.324	-0.296	0.071	-0.398	-0.227	-0.128	-0.410	-0.251
GGATAGGTCCC	-0.276	-0.336	-0.076	-0.101	-0.137	0.023	-0.141	-0.467	-0.334
GGATAGTCCCT	1.472	1.178	1.002	1.649	0.994	1.574	1.428	1.155	1.823
GGATATCTCCC	0.149	0.192	0.156	-0.143	0.028	0.033	0.023	-0.122	-0.036
GGATATGCCCT	-0.276	-1.180	0.304	-0.689	-0.930	-0.574	-0.490	-0.384	-0.294
GGATGAACCCT	-0.588	-1.246	-0.273	-0.814	-0.936	-0.595	-0.760	-1.234	-0.571
GGATGACTCCC	-0.490	-0.794	-0.304	-0.826	-0.618	-0.473	-0.701	-0.932	-0.692
GGATGATTCCT	-0.708	-1.324	0.092	-0.913	-0.941	-0.648	-0.749	-0.706	-0.540
GGATGCATCCC	-0.723	-0.953	-0.168	-0.821	-0.700	-0.436	-0.685	-1.048	-0.672
GGATGCGTCCT	-1.038	-1.168	0.004	-0.816	-1.178	-0.665	-0.853	-1.715	-0.907
GGATGGCTCCT	-1.073	-1.512	-0.414	-1.050	-1.192	-0.721	-1.081	-1.641	-0.938
GGATGTCCCCC	1.692	1.105	0.799	1.465	1.274	1.165	1.373	1.095	1.452
GGATTAGCCCC	0.431	0.405	0.514	0.414	0.211	0.296	0.293	0.535	0.373
GGATTCATCCT	-1.180	-2.294	-0.727	-0.967	-1.176	-0.817	-0.991	-1.490	-0.792
GGATTCCCCCT	2.643	1.460	2.012	2.569	2.830	2.927	2.726	2.033	2.779
GGATTGTTCCC	-0.032	-0.265	0.750	-0.307	-0.257	-0.233	-0.057	0.034	0.152
GGATTTCTCCT	-0.294	-0.711	0.534	-0.780	-0.703	-0.416	-0.389	-0.477	-0.189
GGATTTTCCCC	2.274	1.162	3.792	2.386	2.146	2.750	2.492	1.938	2.187
GGGAAAGCCCC	3.023	1.483	3.519	2.953	3.300	3.394	3.272	2.451	3.526
GGGAACCCCCC	2.686	1.159	2.469	2.682	2.087	3.033	2.781	2.187	2.961
GGGAACGCCCT	0.492	-0.126	0.932	0.214	-0.197	0.394	0.418	0.154	0.403
GGGAAGACCCT	1.002	0.365	0.871	1.011	0.374	1.655	1.168	0.481	1.034
GGGAAGCTCCC	1.069	0.219	1.423	0.350	0.839	1.521	1.158	0.354	0.716
GGGAATCTCCT	0.896	0.441	2.567	0.827	0.367	1.083	0.912	0.987	1.345
GGGAGTGTCCT	0.036	-0.152	0.931	0.010	-0.212	0.385	0.309	-0.028	0.382
GGGATAGTCCC	1.818	0.707	2.073	1.599	1.870	2.943	2.155	1.321	1.960
GGGATCGTCCT	-0.544	-0.724	0.173	-0.614	-0.598	0.026	-0.296	-0.493	-0.166
GGGATGCCCCT	1.784	0.778	1.020	1.822	1.740	2.648	2.072	1.222	2.202
GGGATGGCCCC	0.790	0.310	-0.135	0.614	0.678	1.598	1.151	0.492	0.746
GGGATTCTCCC	1.592	0.737	2.277	1.665	2.012	2.842	2.149	1.415	1.997
GGGGAATTCCC	3.596	2.070	4.857	3.845	3.874	3.412	3.729	3.139	4.187
GGGGACACCCC	1.561	0.656	0.873	2.099	1.676	2.829	2.255	1.259	2.346
GGGGAGGTCCT	0.275	0.328	0.546	0.376	0.375	1.256	0.847	0.314	0.559
GGGGATTCCCT	2.601	1.369	3.568	2.751	2.449	3.176	3.054	2.765	3.461
GGGGGAACCCC	2.247	1.145	2.661	2.857	2.622	3.245	3.229	2.577	3.542
GGGGGCCTCCC	1.244	0.557	0.300	1.087	1.214	2.412	1.912	1.004	1.464
GGGGGCGCCCT	1.429	0.922	0.992	1.328	1.125	1.683	1.584	0.776	1.344
GGGGGGCCCCT	1.665	0.995	0.434	1.452	1.228	1.675	1.857	1.217	1.709
GGGGGTGCCCC	2.212	0.814	1.455	2.273	2.523	3.146	2.881	1.674	2.500
GGGGTAACCCT	0.666	0.343	1.238	0.871	0.227	1.018	1.017	0.285	0.871
GGGGTACTCCT	0.470	0.595	0.917	0.712	0.471	0.756	0.851	0.395	0.674
GGGGTCATCCT	-0.626	-0.376	-0.528	-0.362	-0.425	-0.115	-0.394	-0.494	-0.099
GGGGTCGCCCC	1.357	0.472	0.508	1.612	1.442	2.736	2.175	0.866	1.497
GGGGTCTCCCT	1.010	0.727	0.447	1.050	0.850	1.398	1.153	0.709	1.163
GGGGTGATCCC	0.620	0.402	0.248	0.685	0.387	1.589	1.158	0.527	0.910
GGGGTGTTCCT	0.455	0.337	1.060	0.472	0.003	0.617	0.487	0.537	0.791
GGGGTTGTCCC	1.734	0.663	2.189	1.880	2.024	2.991	2.670	1.308	2.317
GGGTAACCCCT	1.417	0.710	1.231	1.448	0.672	1.967	1.804	0.858	1.954
GGGTAAGTCCT	0.335	0.161	1.278	0.217	0.207	1.415	0.851	0.357	0.997
GGGTACCTCCC	0.436	0.390	-0.276	0.437	0.429	1.063	0.843	0.243	0.556
GGGTACTCCCC	1.815	0.682	1.340	1.962	1.946	3.133	2.747	1.446	2.174
GGGTAGGCCCC	0.396	0.314	-0.379	0.305	0.459	1.454	1.045	0.392	0.593
GGGTAGTTCCT	0.394	0.495	0.746	0.055	-0.098	0.541	0.345	0.249	0.583
GGGTATATCCC	0.931	0.245	1.193	0.920	0.847	2.430	1.616	0.341	1.121
GGGTGAATCCT	-0.186	0.052	0.030	-0.135	-0.241	0.368	0.102	-0.176	-0.138
GGGTGCTCCCT	-0.166	0.136	-0.519	-0.168	-0.210	0.077	0.115	-0.036	0.178
GGGTGGCCCCC	0.639	0.527	-0.733	0.740	0.399	0.796	0.996	0.773	0.833
GGGTGGGCCCT	-0.070	-0.139	0.392	-0.318	-0.392	-0.133	-0.184	-0.304	0.357
GGGTGTGTCCC	0.647	0.331	0.547	0.593	0.420	1.378	1.017	0.648	0.813
GGGTGTTCCCC	2.140	0.783	1.972	2.056	2.206	3.214	2.705	1.684	2.564
GGGTGTTTCCT	0.736	0.575	1.420	1.164	0.102	1.059	0.987	0.695	1.425
GGGTTACTCCC	0.568	0.249	0.497	0.378	0.354	1.294	0.789	0.398	0.657
GGGTTATCCCC	1.958	0.730	2.080	2.133	1.912	3.223	2.633	1.596	2.550
GGGTTCCTCCT	-0.636	-1.415	-0.196	-0.638	-0.937	-0.584	-0.600	-0.934	-0.467
GGGTTCGTCCC	0.186	0.238	0.220	0.438	0.251	1.588	1.089	0.489	0.747
GGGTTGACCCT	-0.407	-0.785	-0.079	-0.730	-0.554	-0.387	-0.336	-0.769	-0.115
GGGTTGGTCCT	-0.621	-1.579	-0.152	-0.766	-0.889	-0.471	-0.757	-1.123	-0.527
GGGTTTGCCCT	0.277	-0.184	1.254	-0.154	-0.518	0.265	0.423	0.409	0.225
