17565762 17565843
17565762 17565848
17565762 17565946
17700266 17700502
17701961 17702266
17700325 17700502
17701961 17702278
18111761 18112038
18111761 18112038
18111761 18112038
18111761 18112038
18111761 18112038
18111761 18112038
18121202 18121355
18121202 18121506
18121202 18121506
18121202 18121522
18121202 18121522
18121202 18121529
18121202 18121537
18121202 18121576
18225197 18225524
18259888 18260087
18560563 18560818
18558832 18559192
18560385 18560688
18558832 18559192
18560385 18560773
18558832 18559192
18560385 18560780
18559142 18559192
18560385 18560818
18586688 18587013
18632628 18632665
19132207 19132484
19132207 19132484
19132207 19132484
19132207 19132484
19158881 19158907
19419219 19419415
19419849 19420217
19419256 19419415
19419849 19420217
19435224 19435316
19435214 19435316
19419138 19419415
19434983 19435316
19435214 19435316
19435215 19435316
19435220 19435316
19419138 19419415
19419138 19419415
19419849 19420101
19419138 19419415
19419849 19420217
19434983 19435316
19702742 19702984
19702792 19702984
19842462 19842694
19842366 19842694
19842462 19842694
19842329 19842694
19842339 19842694
19842366 19842694
19842419 19842694
19842363 19842694
19842386 19842694
19842409 19842694
19842339 19842694
19929330 19929525
19929333 19929525
19929341 19929525
19929326 19929525
19929326 19929525
19929327 19929525
19929331 19929525
19929224 19929255
19929224 19929295
19929224 19929310
19929224 19929315
20104818 20105036
20104915 20105036
20104768 20105036
20104759 20105036
20104759 20105036
20104759 20105036
20104759 20104962
20104759 20104915
20104759 20105036
20104759 20105036
20104759 20105036
20104759 20105036
20104759 20105036
20104762 20105036
20104759 20104946
20104759 20105036
20104759 20105036
20104759 20105036
20104759 20105036
20104759 20105036
20104759 20105036
20104759 20105036
20104759 20105036
20193873 20194150
20193873 20193919
20193873 20194099
20748406 20748417
20748406 20748450
20748406 20748477
20748406 20748478
20748406 20748478
20748406 20748683
20748406 20748683
20861707 20861827
20861707 20861868
20861707 20861868
20861707 20861871
20861707 20861880
20861707 20861885
20861707 20861888
20861707 20861890
20861707 20861896
20861707 20861898
20861707 20861904
20861707 20861927
20861707 20862013
20861707 20862013
20861707 20862013
20905546 20905576
20905546 20905599
20905546 20905693
20905546 20905847
21271402 21271679
21271402 21271679
21336279 21336301
21336279 21336556
21336279 21336556
21336279 21336556
21336279 21336556
21336279 21336556
21356160 21356573
21356375 21356573
21356160 21356573
21356485 21356573
21356395 21356573
21356406 21356573
21356160 21356573
21356407 21356573
21356160 21356174
21356160 21356210
21356160 21356496
21388249 21388550
21388249 21388550
21388249 21388550
21390271 21390561
21921846 21922018
21921846 21922025
22005951 22006254
22020325 22020328
22020325 22020357
22020325 22020367
22005951 22006254
22005951 22006254
22222252 22222612
22222252 22222612
22222252 22222612
22307209 22307355
22307203 22307355
22307193 22307355
22337213 22337385
22337187 22337385
22337147 22337385
22337187 22337385
22337163 22337385
22337177 22337385
22337163 22337385
22337210 22337385
22337163 22337385
22337184 22337385
22337190 22337385
22337170 22337385
22384964 22385331
22385142 22385580
22396416 22396892
22424111 22424412
22511233 22511510
22549770 22550112
22676392 22676669
22959162 22959488
23199512 23199825
23227205 23227555
23624042 23624319
23624042 23624319
23667479 23667780
24059508 24059613
24059508 24059613
24059543 24059613
24059543 24059613
24059534 24059613
24059482 24059613
24059454 24059613
24059514 24059613
24059543 24059613
24110063 24110251
24110129 24110251
24109950 24110251
24110107 24110251
24109950 24110251
24109950 24110251
24109950 24110251
24199967 24200244
24199967 24200061
24199967 24200081
24199967 24200105
24199967 24200147
24199967 24200149
24236031 24236190
24236031 24236308
24236495 24236636
24236031 24236308
24236495 24236772
24407434 24407641
24407434 24407764
24407434 24407785
24407434 24407785
24407434 24407785
24666708 24667037
24666708 24666785
24666708 24666789
24666708 24666807
24666708 24666850
24666708 24666850
24666708 24666865
24910732 24911115
24912237 24912475
24951785 24952062
24951785 24952062
24951785 24952062
24951903 24952062
24951785 24952062
24951785 24952062
24951827 24952062
24951785 24952062
24951785 24951925
24951785 24951974
24951785 24951976
24951785 24951999
25003722 25004023
25959672 25960030
25959672 25960030
26165473 26165774
26824816 26825093
26879778 26879982
26879761 26879982
26879802 26879982
26879803 26879982
26879749 26879982
26879802 26879982
26879802 26879982
26879794 26879982
26879705 26879842
26908471 26908585
26908343 26908585
26908462 26908585
26908465 26908585
26908471 26908585
26908444 26908585
26908426 26908585
26908444 26908585
26908462 26908585
26908455 26908585
26908461 26908585
26908308 26908502
26908308 26908520
26986152 26986453
26986152 26986453
26986152 26986453
26986152 26986453
27068617 27069209
27067500 27067777
27068506 27068729
27067500 27067777
27068506 27068739
27067500 27067777
27068506 27068753
27067500 27067777
27068506 27068767
27067500 27067777
27068506 27068767
27067500 27067777
27068506 27068776
27067500 27067777
27068506 27068818
28315256 28315441
28315243 28315441
28315115 28315441
28315202 28315441
28315244 28315441
28315232 28315441
28314597 28314874
28315041 28315363
28314597 28314874
28315041 28315379
28314597 28314874
28315041 28315388
28314597 28314874
28315041 28315408
28314597 28314874
28315041 28315416
28314597 28314874
28315041 28315424
28314597 28314874
28315041 28315427
28314597 28314874
28315041 28315441
28314597 28314874
28315041 28315441
28314597 28314874
28315041 28315441
28314597 28314874
28315041 28315441
28314597 28314874
28315041 28315441
28314597 28314874
28315041 28315441
28314597 28314874
28315041 28315441
28314597 28314874
28315041 28315441
28314597 28314874
28315041 28315441
29137822 29137851
29137822 29137851
29137822 29137851
29137822 29137851
29137832 29137851
29137788 29137851
29137826 29137851
29137794 29137851
29137799 29137851
29137771 29137851
29137790 29137851
29137550 29137851
29137550 29137851
29137550 29137851
29137550 29137851
29137550 29137851
29137550 29137851
29137550 29137851
29168473 29168661
29168473 29168691
29168473 29168715
29168473 29168715
29168473 29168761
29168473 29168802
29168473 29168802
29169200 29169228
29196608 29196919
29196608 29196919
29196608 29196919
29196608 29196919
29196608 29196919
29196608 29196670
29196608 29196691
29196608 29196696
29196608 29196919
29600838 29601115
29600838 29601115
29600838 29601115
29600838 29601115
29600838 29601115
29600838 29601115
29664165 29664527
29665810 29665967
29664165 29664527
29665810 29665934
29664198 29664527
29665810 29666087
29664165 29664527
29664165 29664527
29665810 29665949
29664165 29664527
29665810 29665910
29664165 29664241
29664165 29664241
29664165 29664261
29664165 29664261
29664165 29664270
29664165 29664278
29664165 29664279
29664165 29664301
29664165 29664304
29664165 29664306
29664165 29664314
29664165 29664314
29664165 29664527
29949771 29949982
29949682 29949982
29949682 29949982
29949755 29949982
29949682 29949982
29949682 29949982
29949730 29949982
29999123 29999400
29999123 29999400
29999123 29999400
29999123 29999400
29999123 29999400
29999123 29999400
29999123 29999400
29999123 29999400
29999123 29999400
29999123 29999400
29999123 29999400
29999123 29999400
30163245 30163606
30162950 30163050
30163245 30163606
30162969 30163050
30163245 30163606
30163000 30163050
30163245 30163357
30162773 30163050
30163245 30163362
30162773 30163050
30234363 30234673
30234363 30234673
30234363 30234673
30234363 30234673
30234363 30234673
30234363 30234673
30234363 30234673
30234363 30234673
30234363 30234673
30234363 30234673
30234363 30234673
30279181 30279185
30279181 30279186
30279181 30279201
30279181 30279257
30474974 30475368
30474974 30475368
30474999 30475368
30663138 30663438
30661807 30662084
30663138 30663438
30663138 30663438
30683795 30684072
30683939 30684072
30723191 30723468
30722890 30722948
30723191 30723468
30704522 30704859
30722936 30722948
30723191 30723468
30701620 30701822
30722890 30722948
30723191 30723468
30752936 30753097
30752913 30753097
30752873 30753097
30752908 30753097
30752880 30753097
30752883 30753097
30752761 30752989
30752761 30752995
30752761 30753097
30819673 30819760
30819673 30820397
30819762 30820397
30819763 30820397
30819767 30820397
30819804 30820397
31004004 31004382
31004004 31004382
30987867 30987872
30987845 30987872
30987853 30987872
30987865 30987872
31004004 31004382
31004004 31004382
31030303 31030699
31030303 31030699
31030309 31030699
31030509 31030699
31364975 31365252
31364975 31365252
31364975 31365252
31365033 31365252
31365051 31365252
31480671 31480948
31480671 31480948
31481118 31481395
31503701 31503978
31503701 31503978
31503701 31503978
31503701 31503978
31503701 31503750
31503701 31503978
31503701 31503978
31503701 31503978
31556105 31556212
31555918 31556167
31555918 31556168
31555918 31556178
31555918 31556193
31555918 31556196
31555918 31556212
31555918 31556212
31608091 31608224
31608091 31608259
31608091 31608264
31608091 31608280
31688514 31688644
31686761 31687074
31688343 31688644
31688520 31688644
31686761 31687074
31688343 31688644
31688381 31688644
31688465 31688644
31688474 31688644
31686761 31687074
31688343 31688484
31742237 31742514
31743399 31743700
31742237 31742514
31743399 31743700
31742237 31742514
31743399 31743700
31741789 31742090
31742237 31742514
31743399 31743700
31741789 31742090
31742237 31742514
31795451 31795508
31795451 31795595
31795451 31795602
31795451 31795618
31886061 31886338
31886396 31886900
31886061 31886338
31886396 31886900
31886061 31886338
31886396 31886900
31886061 31886338
31886396 31886731
31886061 31886338
31886396 31886900
31886061 31886338
31886396 31886900
31892172 31892479
31892172 31892260
31892172 31892260
31892172 31892260
31892172 31892260
31892172 31892372
31892172 31892449
31892172 31892479
31892172 31892479
31892172 31892479
31892172 31892479
31892172 31892479
31978503 31978814
31934805 31935147
32058201 32058325
32058207 32058325
32058166 32058325
32058194 32058325
32058189 32058325
32034384 32034647
32034391 32034647
32034431 32034647
32146120 32146218
32146117 32146218
32146120 32146218
32146058 32146218
32146126 32146218
32149594 32149871
32149594 32149871
32149594 32149871
32149594 32149871
32149594 32149871
32149594 32149871
32149594 32149871
32149594 32149871
32149594 32149871
32149594 32149871
32149594 32149871
32149594 32149871
32149594 32149871
32340432 32340446
32340432 32340507
32340432 32340507
32340432 32340709
32340432 32340709
32808242 32808301
32808224 32808301
32808228 32808301
32808235 32808301
32870697 32870784
32870697 32870974
32870697 32870974
32870697 32870974
32870697 32870974
32870697 32870974
34316835 34317173
34316835 34317173
34316835 34317173
34316835 34317173
33961611 33962085
34316835 34317173
35460701 35461002
35460701 35461002
35653215 35653444
35653215 35653479
35653215 35653479
35653215 35653481
35653215 35653488
35653215 35653490
35705568 35705965
35730042 35730371
35806218 35806351
35806218 35806401
35806218 35806557
35806218 35806557
36044349 36044441
36145848 36146199
36556977 36556999
36558204 36558527
36556977 36556999
36558204 36558527
36556977 36556999
36558204 36558527
36556977 36556999
36558204 36558527
36556977 36556999
36558204 36558527
36556803 36556999
36558204 36558527
36556802 36556999
36558204 36558527
36556802 36556999
36558204 36558527
36556803 36556999
36558204 36558527
36556803 36556999
36558204 36558527
36556803 36556999
36558204 36558527
36556831 36556999
36558204 36558527
36556803 36556999
36558204 36558527
36635689 36635842
36635573 36635842
36635506 36635842
36635607 36635842
36635506 36635842
36635628 36635842
36635719 36635842
36635616 36635842
36784063 36784130
36724997 36725007
36761157 36761337
36761156 36761337
36782670 36782940
36783812 36784130
36877681 36877717
36877679 36877717
36877387 36877717
36877643 36877717
36925483 36925720
36925213 36925349
36925429 36925720
36924953 36925349
36925429 36925720
36925213 36925349
36925429 36925720
36925124 36925349
36925429 36925720
36925231 36925349
36925429 36925720
36924989 36925349
36925429 36925720
36925220 36925349
36925429 36925720
37256937 37257029
37256937 37257029
37256937 37257029
37307669 37307703
37307674 37307703
37317463 37317805
37317463 37317805
37317798 37317805
37415508 37415589
37415568 37415589
37415312 37415589
37415312 37415589
37415312 37415589
37415312 37415589
37415312 37415589
37415312 37415589
37415312 37415589
37546030 37546295
37562640 37562796
37640310 37640448
37640318 37640448
37640288 37640448
37880667 37880876
37881136 37881413
38004338 38004480
38004338 38004481
38004338 38004731
38004338 38004733
38004338 38004733
38004338 38004733
38004338 38004733
38004338 38004733
38004338 38004733
38004939 38004941
38004338 38004733
38004939 38004954
38004338 38004733
38004939 38004966
38004338 38004733
38004939 38004983
38004338 38004733
38004939 38005046
38004338 38004733
38004939 38005046
38004338 38004733
38004939 38005066
38004338 38004733
38004939 38005072
38004338 38004733
38004939 38005250
38005872 38006148
38029111 38029485
38029654 38030455
38071551 38071614
38071551 38071658
38071551 38071663
38071551 38071688
38071551 38071694
38071551 38071828
38071551 38071828
38072622 38072964
38082165 38082329
38082165 38082329
38082165 38082349
38082165 38082352
38082165 38082420
38082165 38082493
38240438 38240655
38240378 38240655
38245334 38245456
38240378 38240655
38240378 38240655
38240378 38240655
38240378 38240655
38240378 38240655
38240378 38240655
38245325 38245456
38240378 38240655
38245155 38245456
38245155 38245417
38245155 38245423
38245155 38245423
38245155 38245426
38245155 38245426
38245155 38245427
38245155 38245456
38245155 38245456
38577809 38577821
38577761 38577821
38577787 38577821
38577815 38577821
38576411 38576415
38576865 38577166
38577544 38577821
38577790 38577821
38902657 38902972
38902657 38902972
38902299 38902342
38902657 38902972
38902317 38902342
38902657 38902972
38902065 38902342
38902657 38902972
38902311 38902342
38902657 38902972
39052634 39052692
39052415 39052692
39052634 39052692
39052634 39052692
39052415 39052692
39052415 39052692
39052415 39052692
39052415 39052692
39052415 39052640
39052415 39052640
39052415 39052644
39052415 39052655
39052415 39052659
39052415 39052675
39052415 39052680
39052415 39052680
39052415 39052692
39077828 39078163
39077828 39078163
39077828 39078163
39077828 39077952
39077828 39078163
39096984 39097261
39096984 39097261
39097035 39097261
39096984 39097261
39096984 39097261
39097037 39097261
39096984 39097261
39100930 39101263
39100930 39101263
39100930 39101263
39101820 39101953
39100930 39101263
39101820 39102122
39100930 39101263
39101820 39102164
39100930 39101263
39101820 39102164
39129290 39129567
39129290 39129567
39129290 39129567
39151533 39151698
39150956 39150960
39151397 39151698
39151397 39151698
39150956 39150960
39151397 39151698
39151397 39151698
39150948 39150960
39151397 39151698
39151639 39151698
39150780 39150960
39151397 39151698
39151434 39151698
39129290 39129567
39268319 39268416
39270018 39270319
39268221 39268416
39270018 39270221
39268254 39268416
39270018 39270254
39378079 39378351
39378079 39378380
39378079 39378380
39378079 39378380
39410133 39410266
39410133 39410367
39476283 39476615
39493125 39493228
39493125 39493228
39493125 39493228
39493125 39493275
39493125 39493279
39715434 39716205
39715776 39716205
39715628 39716205
39715434 39716205
39715600 39716205
39715628 39716205
39715654 39716205
39715597 39716205
39715628 39716205
39715582 39716205
39715630 39716205
39715434 39716205
39795650 39795745
39795650 39795782
39795650 39795788
39867714 39868064
39898227 39898256
39898227 39898260
39898227 39898306
39898227 39898357
39898227 39898359
39898227 39898381
39898227 39898399
39898227 39898401
39898227 39898504
39916404 39916568
39916404 39916568
39928555 39928832
39928766 39928832
39928743 39928832
39928737 39928832
39928765 39928832
40296892 40297085
40296892 40297085
40296892 40297112
40440534 40440643
40440078 40440643
40440078 40440643
40440078 40440643
40573781 40573928
40573781 40573928
40573781 40573945
40742398 40742506
40742398 40742521
40742398 40742531
40742398 40742535
41032689 41032763
41032689 41032763
41032695 41032763
40859438 40859614
40859422 40859614
40930918 40931219
41032691 41032763
41032706 41032763
41215431 41215708
41215431 41215708
41215431 41215708
41215431 41215708
41215431 41215708
41215431 41215708
41215431 41215708
41215431 41215708
41215431 41215708
41215431 41215708
41215431 41215708
41215431 41215708
41215431 41215708
41215431 41215708
41215431 41215708
41215431 41215708
41253026 41253065
41252788 41253065
41252788 41253065
41252788 41253065
41252788 41253065
41252788 41253065
41252788 41253065
41252788 41253065
41346876 41347193
41347307 41347350
41346876 41347193
41347307 41347362
41487239 41487516
41487621 41487789
41487239 41487516
41487621 41487922
41601074 41601208
41601074 41601285
41601074 41601305
41601074 41601312
41601074 41601315
41601074 41601324
41601074 41601327
41697211 41697525
41697211 41697618
41776930 41777231
41776938 41777231
41843027 41843260
41844240 41844541
41842789 41843260
41844240 41844541
41864729 41864885
41864896 41865280
41864629 41864885
41864896 41865280
41864503 41864885
41864896 41865280
41864416 41864885
41864896 41865128
41864416 41864885
41864896 41865133
41864416 41864885
41864896 41865163
42017100 42017102
42017330 42017607
41999951 42000319
42000229 42000319
42000091 42000319
42016801 42017102
42016801 42017102
42016801 42017102
42016801 42017102
42016801 42017102
42017330 42017353
42016801 42017102
42017330 42017464
42016801 42017102
42017330 42017607
42177090 42177354
42177090 42177402
42177090 42177449
42177090 42177460
42196547 42196682
42196547 42196682
42228619 42229108
42228619 42229167
42279948 42280249
42311091 42311392
42343168 42343240
42337301 42337578
42336223 42336434
42342963 42343240
42342963 42343240
42343140 42343240
42342963 42343240
42343155 42343240
42343137 42343240
42346168 42346228
42346177 42346228
42394707 42394728
42394707 42394728
42394707 42394775
42394707 42394791
42394707 42394791
42394707 42394796
42394707 42394796
42486893 42487220
42486959 42487220
42486893 42487220
42486893 42486934
42486893 42486959
42486893 42486959
42486893 42486970
42486893 42486970
42486893 42487207
42486893 42487220
42486893 42487220
42765371 42765648
42765371 42765648
42765371 42765648
42833469 42833746
42833943 42834028
43010875 43011069
43011217 43011661
43010937 43011069
43011217 43011661
43010968 43011069
43011217 43011661
43010863 43011069
43011217 43011661
43010866 43011069
43011217 43011661
43010883 43011069
43011217 43011661
43010792 43011069
43011217 43011249
43010792 43011069
43011217 43011249
43045574 43045758
43160926 43160965
43411259 43411569
43411259 43411569
43411259 43411569
43411259 43411569
43539400 43539598
43539370 43539598
43539310 43539598
43539310 43539598
43583545 43583977
43659780 43660154
44351026 44351300
44351026 44351303
44351026 44351303
44351026 44351303
44419568 44419913
44419568 44419913
44464619 44464940
45559662 45559727
45559540 45559727
45559450 45559721
45559450 45559727
45559450 45559727
45559450 45559727
45559450 45559727
45559450 45559727
45559450 45559727
45559450 45559727
45559450 45559727
45559450 45559727
45559450 45559727
45559450 45559727
45559450 45559727
45559450 45559727
45559450 45559727
45631294 45631555
45659466 45659621
45705749 45706004
45705749 45706017
46646211 46646488
46646211 46646488
46646211 46646488
46684152 46684406
46692431 46692637
46731426 46731641
46731426 46731770
46731426 46731770
46731426 46731770
46731426 46731770
46731426 46731770
47158460 47158551
47159041 47159351
47158274 47158517
47158274 47158528
47158274 47158547
47158274 47158551
47158274 47158551
47158274 47158551
47158274 47158551
47158274 47158551
47158274 47158551
47159041 47159162
47158274 47158551
47159041 47159351
48254481 48254782
50154316 50154617
50232466 50232767
50312241 50312518
50312241 50312282
50312241 50312343
50312241 50312380
50312241 50312380
50312241 50312380
50312241 50312417
50354205 50354415
50628892 50629026
50633440 50633741
50682993 50683060
50765489 50765861
50765481 50765861
50780771 50781048
50781270 50781547
50780771 50781048
50781270 50781547
50780771 50781048
50781270 50781547
50946135 50946219
50946516 50946813
50946120 50946219
50946516 50946813
50946113 50946219
50946516 50946813
50945942 50946219
50946516 50946649
50945942 50946219
50946516 50946813
50945942 50946219
50946516 50946813
50945942 50946219
50946516 50946644
50945942 50946219
50946516 50946671
50945942 50946219
50946516 50946672
50945942 50946219
50946516 50946673
50945942 50946219
50946516 50946674
50945942 50946219
50946516 50946687
50945942 50946219
50946516 50946688
50964035 50964210
50964568 50964888
50964868 50964888
50964574 50964888
50964033 50964210
50964568 50964888
50964574 50964888
50964868 50964888
50968487 50968788
50969417 50969694
50968487 50968788
50969417 50969694
50968487 50968788
50969417 50969694
50968487 50968788
50969417 50969694
50968487 50968788
50969417 50969694
50968487 50968788
50969417 50969694
50968487 50968788
50969417 50969694
50968487 50968788
50969417 50969694
50970798 50971099
50970798 50971099
50971008 50971099
50970798 50971099
50970798 50971099
50970798 50971099
50970798 50971099
50970798 50971099
50971009 50971099
50979331 50979632
50980830 50981078
51001334 51001593
51021477 51021754
51021477 51021754
51021283 51021316
51021477 51021754
51021253 51021316
51021477 51021754
51021274 51021316
51021477 51021754
51021249 51021316
51021477 51021754
51021039 51021316
51021477 51021754
51021039 51021209
51021283 51021316
51021477 51021754
51021039 51021316
51021477 51021754
51021039 51021316
